Id:515036448579899
List_Type:work
1390726613
100000012057594
100000291832352
Id:350439595039586
List_Type:current_city
2700204
2720394
8201704
501582070
504457342
506943999
520619520
521908544
529525938
529562880
530393096
537720601
548010053
553223202
555885819
568854175
578662834
582562958
582867588
584394561
593903063
597114141
598300613
612817624
614178640
620589845
623283357
630088343
631059884
635909545
639537370
644584640
653795077
670072174
674344545
688365612
702790702
708705302
715881566
736753792
737093532
743346179
748591917
760195734
777983377
811965455
865725315
1021893326
1031417174
1047084643
1049993330
1053004881
1062881670
1069152700
1081129551
1100749983
1120862867
1122590707
1174321211
1177760662
1182031245
1194549312
1196885091
1221807318
1227665940
1246242045
1257008351
1259140493
1284523141
1306657643
1320559706
1336783935
1345759890
1354164978
1355882472
1361470131
1376022241
1383508145
1390426461
1390726613
1394738016
1396140659
1398660771
1401660577
1403070212
1404957901
1405779559
1410729004
1411185533
1416006444
1417089169
1420572821
1424402555
1435891460
1439425844
1444955891
1459611834
1464053792
1471633854
1490328360
1506402903
1531609000
1534780444
1550472943
1571856581
1643808390
1651680502
1656362909
1662962508
1668696760
1685779096
1706220188
1722822412
1733040174
1787295653
1792968554
1808201583
1817240787
1831255187
100000091920527
100000096512644
100000097455592
100000099849988
100000133401846
100000140950071
100000160391853
100000177970009
100000190660453
100000199028646
100000211853289
100000232270132
100000291832352
100000415292154
100000488167972
100000582030058
100000683430750
100000702476146
100000741846725
100000751686772
100000810570969
100000835751655
100000941122714
100001043113693
100001193430025
100001224221242
100001416611140
100001500729894
100001519775694
100001525510160
100001586319808
100001613980939
100001632400257
100001641663195
100001669186967
100001859777046
100001890403862
100001975839190
100002209942621
100002213994366
100002226157347
100002254205112
100002255751827
100002336824694
100002358844423
100002530170003
100002615332479
100002731100740
100002739888196
100002813248009
100002823676753
100002824085251
100002826047894
100002837285491
100002875864132
100002882103206
100002935867470
100002978887400
100003013990799
100003341225253
100003696639486
100003751245378
100003801843313
100003805605892
100003846374548
100003940608137
100003963281135
100004052469436
100004074050850
100004191881060
100004199675163
100004231780979
100004256923748
100004302452718
100004310557216
100004337290153
100004485481174
100004611930942
100006429502473
100006504280542
100006530376864
100006641705075
100006755499902
100007172432982
Id:350439591706253
List_Type:education
Id:180241282059419
List_Type:education
Id:180241278726086
List_Type:family
Id:164213523662195
List_Type:education
Id:164212950328919
List_Type:acquaintances
725804433
Id:163566170393597
List_Type:education
Id:163566167060264
List_Type:close_friends
100000741846725
Id:163565680393646
List_Type:current_city
1825099389
100000872946503
100002203399217
100002248192513
100005524937786
