Id:704564429578279
List_Type:user_created
2718074
2705836
2700204
Id:686469211387801
List_Type:user_created
2735927
2718074
2705836
2700204
Id:612537228781000
List_Type:work
1390726613
100000012057594
100000291832352
100002206457204
Id:461181247249933
List_Type:work
Id:341488689219190
List_Type:education
614766712
1221707223
715015226
100002813248009
100001519775694
1288868397
1437475859
514564198
1376022241
1615352827
750694810
612817624
1394670159
1320559706
Id:278275755540484
List_Type:family
Id:278275752207151
List_Type:acquaintances
100002216405173
1409948354
100000198380455
100002618950941
612817624
1013398269
100002855346595
Id:269465426421517
List_Type:education
1503211642
711154059
1341053812
Id:267243449977048
List_Type:user_created
100002810745487
1537478825
1480752854
1398134963
Id:260607283973998
List_Type:close_friends
1023504411
100002206457204
100003905133516
100002875864132
1383508145
1221707223
575031651
100000012057594
1210890499
100002606796184
672260125
1021565204
592711157
Id:260444910656902
List_Type:current_city
2700204
2718074
2720394
504041569
527332426
527955999
529713044
534845217
553223202
575031651
578662834
591134227
606941269
611738537
612817624
617866910
620153411
637202305
639537370
646885269
653217732
708705302
724609619
729972537
735818423
744793858
815260111
821508970
829326037
1021893326
1031417174
1042833648
1048765241
1049993330
1062881670
1086231129
1100749983
1182031245
1194549312
1221807318
1257008351
1272997150
1284523141
1288868397
1320559706
1336783935
1345759890
1361470131
1367513101
1376022241
1383508145
1388709487
1390726613
1394738016
1397468055
1398540323
1398782321
1401660517
1410729004
1416004892
1416006444
1417089169
1420280394
1420572821
1424402555
1439425844
1439864227
1440733519
1448392538
1448679928
1464053792
1471633854
1485991398
1506402903
1506555213
1531609000
1537028251
1599176686
1643808390
1649544143
1656362909
1668696760
1685779096
1722822412
1733040174
1787295653
1792968554
1808201583
100000190660453
100000211853289
100000232270132
100000291832352
100000402959116
100000683430750
100000702476146
100000705855150
100000775116825
100000835751655
100001043113693
100001207390778
100001254993944
100001415490096
100001416611140
100001500729894
100001519775694
100001525510160
100001544745991
100001613980939
100001632400257
100001641663195
100001730434942
100001981492993
100002097147700
100002206457204
100002209942621
100002213994366
100002226157347
100002254205112
100002255751827
100002336824694
100002358844423
100002534216746
100002615332479
100002700224685
100002731100740
100002739888196
100002771298426
100002779422548
100002813248009
100002823676753
100002824085251
100002826047894
100002837285491
100002856099947
100002875864132
100002889849078
100003013990799
100003341225253
100003384071465
100003507133980
100003696639486
100003709820448
100003801843313
100003805605892
100003846374548
100003940608137
100003946684708
100003963281135
100004052469436
100004059753165
100004074050850
100004191881060
100004199675163
100004208350542
100004223793858
100004226044367
100004228563769
100004231780979
100004241564299
100004310557216
100004337290153
100004400828806
100004485481174
100004558176914
100004611930942
100004796168968
100006429502473
100006494802861
100006504280542
100006523392479
100006574714047
100006641705075
100007172432982
100008343420563
100001501115841
100002216405173
667603840
693043527
100001027914060
