Id:10152378831279863
List_Type:work
Id:10151917389609863
List_Type:current_city
2734205
504041569
504146815
507926189
535031031
540737873
541061467
547926941
548063087
556942497
560681834
560923156
588609947
598065872
599241530
623283357
623799072
628392974
637814759
639003516
651161843
652133857
656332872
658258840
666973211
666984304
672468029
679170359
681313409
699139746
699672219
702051115
704984237
718135937
723491052
729751830
731595765
758426378
758508452
777495194
778112647
792979815
824661669
1022559760
1031789518
1061580609
1069152700
1090044277
1092720184
1161134175
1182450686
1185337105
1194560554
1222348303
1224090270
1249126450
1250648854
1255157695
1288173676
1329705943
1334016834
1345648013
1361334735
1369557238
1392540268
1392661654
1397050864
1398781819
1414015500
1416480647
1418869999
1443427428
1455799357
1477804574
1482554753
1490897683
1506259596
1517708516
1519775919
1586176555
1588203966
1604650863
1628675774
1649544143
1670520021
1670659551
1678141860
1815034091
1817240787
1850620073
100000004725743
100000010102814
100000060616177
100000131246637
100000138301345
100000147032628
100000166869961
100000171850206
100000281017631
100000395357539
100000504081479
100000507158649
100000658024866
100000738477477
100000839412981
100000855034811
100001078021190
100001137452466
100001176423935
100001285285215
100001355068648
100001413012833
100002017208737
100002094169399
100002255751827
100002519723272
100002644037071
100002942405138
100002967951551
100003848042183
100004075366252
100004246980031
100004682405415
100004921720381
100006022413098
100007264033020
Id:10151863514134863
List_Type:work
Id:10150314911014863
List_Type:close_friends
Id:10150368790244863
List_Type:education
Id:10150317935264863
List_Type:acquaintances
722806103
623799072
1629368784
Id:10150314916324863
List_Type:education
Id:10150314911034863
List_Type:education
Id:10150314911024863
List_Type:family
Id:10150185122084863
List_Type:user_created
