Id:621073064569756
List_Type:user_created
665035857
644805812
505189829
95000499
Id:619075851436144
List_Type:current_city
1237610
3500639
6316251
595554040
601786889
721863505
728523014
1048446109
1379876579
1385015923
1396410136
1500109727
1597351205
1745031931
1820032089
100000005078015
100000152838432
100000472291079
100000923346631
100001391191702
100001446528998
100001509281835
Id:601512146525848
List_Type:user_created
100001381458675
100001011735498
1552655643
1484950015
1416001981
1244705472
1226564853
788248635
693635904
613200348
1317127
Id:599425610067835
List_Type:user_created
1464053792
1416006444
1390726613
1079171732
670661193
Id:599405413403188
List_Type:user_created
1464053792
1416006444
1390726613
1079171732
670661193
Id:598528346824228
List_Type:education
Id:355054874504911
List_Type:education
Id:291972487479817
List_Type:work
15726727
Id:291972407479825
List_Type:work
Id:291958964147836
List_Type:work
1390726613
100000291832352
100002206457204
516053156
501452010
501650353
2720394
36620220
195501517
15726727
100000424850717
1293969922
711965042
100000211853289
712398494
Id:291952794148453
List_Type:acquaintances
100001534134999
Id:288106651199734
List_Type:education
1092935080
1014333768
1726005942
1669630901
608670909
540877253
100001821309958
100000807124304
1722822412
100002807821945
100001811833694
100002420128420
732933922
100000823609689
100000784459488
100000288437075
100002063371811
1223066995
1110177979
558227284
100001934814315
100001627780557
Id:285639268113139
List_Type:education
742046082
100002807821945
1467635694
1237295979
1460529665
Id:283403408336725
List_Type:current_city
2718074
2720394
504041569
517734631
521856972
521908544
526198701
532901442
535031031
558521193
570875264
616196485
655505477
689449227
693635904
702790702
703540180
706442233
708705302
715865320
730526578
742046082
743346179
747855596
808939888
811965455
1022559760
1025888814
1042833648
1062881670
1083661126
1085283592
1087890647
1182031245
1196885091
1257008351
1272997150
1274556721
1284523141
1323309888
1345759890
1355882472
1376022241
1390726613
1394738016
1395360439
1402050269
1406756902
1410729004
1416006444
1420572821
1422124214
1448392538
1448889922
1455799357
1464053792
1471633854
1506402903
1536313247
1537028251
1599176686
1668696760
1685779096
1722822412
1731467769
1733040174
1831255187
100000008608872
100000015344089
100000037051949
100000172275256
100000190660453
100000211853289
100000217191496
100000291832352
100000402959116
100000683430750
100000702476146
100000741846725
100000835751655
100001043113693
100001404225930
100001416175097
100001465104751
100001500729894
100001516686665
100001519775694
100001555427114
100001613980939
100001632400257
100001935208382
100002206457204
100002209942621
100002213994366
100002226157347
100002248192513
100002254205112
100002255751827
100002427245623
100002462638929
100002530233946
100002637281786
100002731100740
100002779422548
100002813248009
100002824085251
100002826047894
100002935867470
100003696639486
100003801843313
100004052469436
100004074050850
100004199675163
100004485481174
100004943048754
100006641705075
100007172432982
100003121518687
100000044984150
1523002918
1392360295
739098105
681547090
677478682
616171753
585028744
506313347
100003159581580
100002982423701
100001534134999
100000457481369
100000396681482
100000147514590
100000011658869
1810841658
1463401358
1402920005
1392450042
1391340229
1199824658
1098480203
1086750029
904255611
722375646
672225203
536155470
502752062
36620220
100003948532059
100003645450010
100003197611456
100003179647028
100003169748057
100003165980184
100003160576033
100003145557359
100003116206986
100002796924984
100002673270622
100002618950941
100002572562137
100002310428925
100002216405173
100001531922419
100001473650674
100001432524423
100001415318950
100001026043921
100000424850717
100000261159800
100000218505952
100000180520607
100000116226415
1845112810
1830533715
1782492225
1644950206
1597351205
1492995610
1460529665
1434582883
1403850363
1403850087
1398780337
1394670159
1392661844
1391041024
1348118998
1297845486
1295463372
1285951955
1245802300
1222820631
1221707223
1209879299
1209640063
1204381311
1184587330
1160694884
1079171732
1041636098
886955634
791910073
772168496
750694810
749339736
748466304
744625210
725356428
715015226
701051071
682156522
681263086
670661193
664584250
660660623
649137957
645657664
629301108
614766712
606797527
593184586
584170301
583542931
544563358
532030722
526021932
516053156
512631298
505926641
501452010
195501517
195501474
195501363
15726727
2730525
Id:283403405003392
List_Type:work
1249020124
624461775
100001019693297
1070564916
1529491153
1497461756
747855596
17810178
100000214230222
1423225481
716552637
1484950015
715021057
611087290
547714082
Id:283403401670059
List_Type:family
Id:283403398336726
List_Type:close_friends
Id:283403168336749
List_Type:education
100000457481369
