Id:2655752138
Privacy:OPEN
1378376748
532631978
1791774215
100005444807957
100001192012002
100000412031237
1464219488
100006826924265
1345576931
100004992049283
100000296596799
1476160829
100007884690761
581157686
700574601
100000147323395
100004287101605
1656260826
673366085
100003557931634
100004180425572
100002288445356
693982695
1637617669
1217475741
1794642324
627819468
10005066
100000115901602
100001949165758
640924128
1058938704
100007813804734
100000225819917
1019242569
100000299325856
716214045
100007804271538
500073446
299000662
100007735651175
100001209320091
628035917
100000438386059
12800004
524136629
100003385900274
689365125
100006793238660
619335561
1453051477
1055790778
100004392107070
1825954506
503826462
100004819065862
674694028
616183654
1047915978
1695046717
1306513381
100007692858277
515230670
1454854310
1406066457
100002161823036
15913385
100000917322230
100000668791090
1493081424
1288306699
1064144463
738206947
703980256
702366749
642741859
598031714
563569374
26507332
10719609
27208450
500561915
721764045
100000128292090
639933807
122607726
100001551562406
1364380091
3107967
100000174130244
668990624
752923171
715947463
714279200
573921341
100007567845571
810202444
100004766561923
1265130059
100001952285260
10711895
100001671518741
508660286
790215649
100004470000031
509702867
13903721
100002485072389
795195690
1736071574
100002344803704
601886646
100000150521168
736843489
100004568703883
1129213282
100006209596930
1107036169
100008112574528
1318567965
738970395
100000508767235
1121780473
100003148419224
100001477702898
100004334523631
520186027
623976654
748530570
100004330667857
631336691
517636648
683816302
100006230343281
100000906261872
503906912
1424171921
524527863
588780055
100003265336401
500905686
1410130123
100005078490291
1581720081
541438250
100002461745624
518374652
502068324
100008316195196
10724360
679514348
1582890020
100000075044005
1312001946
100000994003993
100002943352003
1003617053
906095003
1051920452
542946133
515640128
788383951
670977703
100002743357868
100006636362187
1389927553
669180513
1469084396
56700198
100002932876918
100000047702594
8111246
753743204
1588959518
675980544
27205080
100002557248031
1487094997
1411455014
576371765
6007846
556167692
520784869
1113011496
534994253
643683716
100002010891386
100004574048562
692620400
643826070
593926790
10713951
1565269579
100003669099728
4903777
100000045741531
10709597
698495322
100000800891741
1051423581
713046024
1334707783
1461353792
800735330
10732421
10720337
1539888532
100001831583711
791523421
100000193809230
713080092
100001666491538
100001587352558
674254413
1151664901
502421558
100001446528998
1498487856
100000459363107
100000012057594
718532414
100005301877083
100007408411304
100002483929418
624697037
520611118
100001999463907
1059212390
1494985690
558883452
2415191
565820789
100001276973878
623383093
100007864290823
100007803820238
10715935
100002991870588
100004902434628
1226526561
2535234
712841406
100007823017460
1830621083
100000473117272
25906725
100001397521860
100006605953725
833719014
100004926666698
32403472
539684511
701246
1456147306
100000037729631
100007735714972
100000583925044
10742152
647866769
1461586280
100005258887466
100007736254150
100002092040545
576600167
100000191213461
1013819289
1643050474
618800086
541295793
1731462868
10712279
1066301512
10731668
597740815
13965761
100000261890313
562091915
12811330
100002537876685
10716124
555101118
1318385664
1073464776
100001881373965
507713899
692968230
800172
55803633
509101321
25318594
695019441
10729567
789139389
2340403
1494943434
1037744461
100001638214875
554443655
10740461
1420749257
509278217
547094433
1582178364
784557626
100004412024535
1004444384
760279699
691380206
508360861
10701119
17700057
578884551
100004706294007
503920536
812689168
1302166819
100002785850143
626186636
100001671144867
693707605
629272996
100002968872553
1459730232
882420452
567080563
717478904
639642988
100005805342712
1643044464
515502133
100001858681637
100000174921367
1193701060
757681865
100006910753933
10728684
606028124
100002360114872
100002350011426
625625239
1310650717
1078700724
101353
778105310
26904630
1036381215
568489306
1045197141
100001802450503
100001267156043
10735343
100005798433451
100001687936661
578946434
1445870505
1654188209
28119049
558336546
1158940544
654022886
1669637920
1711677311
10735567
648520242
1083624231
100001159940818
1522716074
12807435
100002920819695
100002831662982
100002130512741
639486683
100002008942313
604907689
100000765196764
632285940
782275079
100003797440207
1051114718
1214043409
27201648
10709478
560059744
100000122690992
564479041
746518108
10704475
745146714
685640402
100002777126589
530330292
567961723
100003601839394
100003695963056
100001539552725
767070610
517419289
577307214
100000806868259
717926184
757692378
1744181001
1099207130
100001087031335
100006055694554
100001470516506
1636478511
726225437
100001288082314
100001023310446
19711188
1806896771
100000496955122
1311944564
3405997
27304617
664005767
100002616705430
100001395127070
100000180708707
100006437598773
100005117829876
100002930613021
743995467
3321922
770455322
626065658
1080404227
100005409120062
100004859017953
10715967
782198124
735040940
100001637843473
100001538724503
100000019503178
517450868
619762
100004660154493
655965017
10711250
5510387
694784801
1054059375
1347264808
1061419307
100002130930041
1725817556
1206541562
1036947750
647043618
2412200
1163514517
100002710299551
1381052971
299000502
1101512153
100002217673328
2255501
100000332091662
524966508
507945478
5618488
520025715
100005724639581
618689582
1393030574
100003196430720
9601615
649399390
1432430215
1609790340
48101265
100001329985433
1307706917
1451797180
1663148829
513676292
571120667
733496766
690910114
512088936
714398392
100001713286540
44901644
100003749413631
100001547516549
100006051040998
898350245
100002694965512
100004455251467
1004916763
664570406
1580580339
683434728
506631243
1163573280
1538828497
1527788710
1467278339
776944621
100004002424119
547046210
645755131
100001806203792
1100991468
708785044
10711954
100004298053600
100005997396641
13610762
501205026
100005997103997
100001218006774
100001226253909
1580538339
754320384
10703547
699115568
9609060
100002643554371
100001113069259
100004309991948
688027666
100005809242856
591488580
1464650352
656532642
100002248424627
1451490075
100000002697851
9636004
503373822
1124728092
584043923
1447959889
538193518
1086267319
1499427878
100000537686885
10720240
1168256523
1467305353
554629330
100004595113626
1059584092
23706420
100005291070396
100002926295448
100001738513765
100005336981519
627648584
100001144151743
1201908
737703634
100005561194820
100001064589242
735335024
639956813
100000454775693
100000947490881
100003975716865
1295280705
27225619
764003091
509381559
1352210517
19209404
100001562240828
1078265991
1363914959
10720777
100000135623038
100001452210624
7908349
10706598
8803487
19504215
100002911126949
852894716
519866667
1636628853
10710203
100004531322575
573507975
563022899
100000636093866
1463624488
100000073218764
100003852723150
643307761
100000674049690
100005537822309
533866304
503667221
100001621821163
1233283522
639872322
634277387
1391040944
531925177
1104378918
595554040
506113283
598100334
100005323603977
10733002
10737786
100004048424192
100000482494172
553699708
687435833
100001917923687
854059813
523991338
575093901
531433554
722502791
10738948
100000902775743
100001297591283
655479455
697532739
742445699
10710334
675368090
680780297
785942854
27212478
897160367
715051151
1335481694
503829359
553702841
593510761
769788911
835787557
693754816
1083278169
522408412
578897493
719608724
1490301382
100000483848275
588869119
613997683
100001425102464
706884208
722767435
502189483
1031670185
536920962
27203131
1303788701
791778327
1053645490
100004655054027
100000014618389
524395721
1242746999
607724931
1207683300
10707878
100003543127163
816440176
612830534
780475245
1062444808
1073451941
10615574
789334519
662188865
2522430
1446350331
735842272
100000398974195
10741516
1414941089
1685292056
625024185
76201438
40303126
593785123
100000689834117
100000407163199
10723271
841054508
100000170722931
1102935008
666431084
100000276710147
100000404604689
652014396
100000496860407
514578883
100004072900078
506253036
10736656
622414923
572080815
100000269952635
1018595733
100003504720832
100000210986338
667795368
549186267
1356184018
721629563
696090943
34005175
698227147
732635562
1600614175
757645650
10203044
770764929
547255872
100001374244959
1207522
2203813
13711925
1116799067
555659546
788738988
1227120989
586603902
1594254321
100001631681774
796310701
506768316
1361530062
821694779
600154117
607310288
707768872
1571933667
100003469023287
1384180173
2404948
669548387
663945678
1779820179
552523128
547082673
558993543
758823465
1334407634
32400380
536927915
1267432090
507027617
564351437
667859256
723954598
1517619856
100001405929488
100001613476114
745324818
100001499351313
10701435
698231409
608163274
100001599476635
100001870902616
629421224
575754125
564912093
1182217021
695126654
547138141
680960186
508268306
1019801653
1051331708
532775854
100000337150126
71900129
100000229390733
10737322
1045991011
619498771
1075141604
100000496684447
514036280
1576860143
10730189
1617378378
100003797370083
578580278
538867624
1670425912
606230567
1188397522
1174623302
513285566
10729797
505254715
100000336696547
689323013
558181776
521807057
100002205770025
581625003
550545066
537880709
579130039
1577070262
10735623
1279724468
764440334
561525150
1453226017
10733290
531593155
590331860
10741486
777110127
512911435
502367045
508355937
503460196
592432672
508954432
652702165
627485921
853245654
501974834
820595334
645958046
511774186
726755983
511440707
1423383628
546550173
518383509
535474595
505852872
681478101
633958853
509971735
1388915248
717825179
689966714
705412330
604664670
1322564030
568763597
532571716
500106710
833799987
512975383
561400244
500699463
715765098
1231926849
563630204
10738611
845840314
553935609
853180600
530295564
511440193
1672860065
1576860090
1579710001
509317792
516556636
888485056
506197964
100003708362780
592635554
100001973357444
1910564
1125781333
513341063
429831
593890459
547570137
27212800
10741121
100000443731996
554165872
100001776594027
10725341
756419374
1934874
10708320
100000765900208
663982385
561448094
1355386665
100001617727963
607629711
665602642
1076104779
1783625091
25911753
10732931
654438605
100001038507340
10710175
100000627314164
882020576
810035144
555690813
1215512
1346144215
32402279
100001561012945
1225172550
2512871
502186482
542354831
1113420104
502695571
735389140
10738186
10725196
690644678
1653386082
681990342
828380064
537863700
10720395
46000361
681379611
807259535
100000714466275
681966492
1260699193
509073892
652150409
10720301
1381231888
10723013
890650061
595486764
1233320156
413356
673662848
604718090
100002008372440
10726274
508991371
605552755
1247825425
100001057474705
10738201
10740886
573792798
859345437
10728316
597163223
100002201870604
559524006
691175611
10503403
10711474
10700419
829763469
508127874
834303900
668343789
10724473
10057115
1346673001
724056372
10716938
4801515
10736777
10706404
562906271
535724783
100000772560332
546614421
10011091
100000181198084
10701934
1396657598
1568446824
1612592341
1315519306
691186298
100001998772897
714519207
100002223405344
32405418
588555835
702567767
898160075
670730472
100000228724806
1534655778
590603250
100000498186261
100002109532219
517244804
1128667040
100000740145166
730935833
100002269291357
667273281
1081403949
25904467
500081564
535964697
562688192
628158906
638062780
10726152
705687090
100001457084499
672017244
719199215
1346416525
724935162
1255088770
529622997
705151915
10735160
547395118
1076162459
549555592
501286718
722024997
625874657
756245172
10735964
604603778
662159933
1039599491
10716631
711755614
503337983
548699324
681980225
513026562
606053116
567298711
1318194967
100001024176668
1244260366
666295102
1470919505
554085900
37510491
765757879
676219691
1172396145
594256493
1581990206
17830535
1683773293
828955079
100000123245307
12403821
1384602744
1318718998
676290171
503491069
100000689553386
605474904
1789450432
524622976
1447950091
10740482
612461548
508367211
1014251008
9613287
521780706
10707550
534283181
732438924
1325090101
727341418
725331489
712303779
505512453
17826064
10723881
719232983
504129036
645350766
706087629
6301897
822865337
7100037
509069534
1023626006
568076093
645161670
533666254
1046714226
1310446417
525774991
536935006
1160338491
1035694993
743000715
32403217
619985822
1105442293
1835464096
1304670223
100000055971115
527284824
723081270
10720813
1029968094
1743475882
10712472
909013
825668445
761585402
703603959
842245724
722251474
100001097082357
100000311795084
1268820547
679266585
10721325
623818193
561007941
100001562823047
1070078044
561122907
10726335
1021621713
695745014
100001234603091
728333310
100001508596547
1669865752
10741745
1430186542
10004154
561038999
10718943
100000213238504
597871058
100000793261541
1000437970
100000256783156
10728427
528090109
48100229
1400290081
100000696696940
10731215
718818311
510706350
616450114
655921299
500720044
715371051
637010493
552684386
100001161014881
759869131
10737723
535632581
635680722
645734162
1266640141
592911041
1602283713
514604545
10740039
839669182
100000735853908
100000187754361
100001434457661
696175047
1306064308
1501212552
39203722
1932083
10726413
4946841
1013363546
100000385099873
1388944372
100000769252935
1192086888
534547620
10713699
594871980
100000596051896
631628134
608703333
1786754510
515782842
100001356801431
1376844375
100000285591091
1060977304
100000186436074
100001051539975
1046570451
701334972
10700336
750628890
503749502
733313466
1150430869
1128934006
708533816
1000962025
67800227
605395320
100000673746231
1370834995
812670619
100000964079179
886400234
421170
10703216
1077696795
552287971
1037487024
100000516848106
507668810
10712639
10700106
39205208
1030661248
10701413
8616802
1445495864
622658475
100000942748687
10725921
1406496666
1580239176
675757409
601195753
658563488
605164892
1362704042
662863071
1117720029
100000565961094
1001061624
100000694103733
1594707458
1030431614
1424169482
1648994974
725347038
1102535179
100001064610434
650260045
637268678
1148005435
1521913811
100000280908534
1437301471
1593281197
100000071502995
703400963
1133349668
733636589
619731661
1025075850
525043146
591654398
10725521
579260850
587435818
1241670
679283409
10700802
100001018450419
1395548191
570799572
1051979359
693518210
100000646659625
629258101
100001000239586
25905665
563068884
1084451557
655671173
596517697
583732045
10700643
1317322129
1901804
9216082
684687978
10733948
730521279
1147028054
100000787400376
1632332239
1362044879
1119213294
840113562
502941320
706903296
122603179
1397483660
641789781
10720360
52500072
605133512
100000570211212
686483152
100000536461464
1296855002
1271540460
1223267382
599023778
706905552
1361326204
721385756
21603959
540727616
625946586
514884041
100000527057810
100000549025529
10740651
100000642074725
1086948324
100000601617786
1577316549
739834400
10114469
1435480123
760415721
1169377594
552192926
10740257
1674543644
614290011
744168861
693143466
10720994
1266887454
725636803
700538969
1414555284
708430789
667516712
778011612
508180982
1046506634
621253315
1216474065
702031948
613741259
1184830831
400090
605085704
1086666595
100000163423145
1125957661
630432057
617217080
23803252
851454937
1375890089
622690526
1372694750
516563940
1297366568
539765317
782684553
1080161017
513194400
1123776578
1632462749
506828693
641932020
1049042004
697660088
1906287
671428237
2262203
10712827
1261285388
1425203242
10700004
836044898
1510400093
560692860
734601308
2403063
1259956825
643089516
2906013
567287058
1326071067
1778033955
10702238
702144840
1652967110
27221502
10711498
11604301
818223275
10724078
134900431
686512125
571716817
505459475
8501889
744338370
631067816
521502437
557308532
1266372793
554880551
7101050
769858627
614541263
645311853
638509965
696772323
519801260
558084582
716570970
647939593
708864693
1056260481
548220240
1180237488
25900989
10733510
1097141864
562103029
665971418
654293404
605384308
1331643904
542221245
746175151
595706189
509786929
750255640
681140020
723527024
521993817
1189126548
717617556
528690579
1366867967
538713957
1050211288
517014782
32402226
713742285
583343104
10718137
1218454093
514499620
578660637
512049411
10716852
684450215
674427647
592080910
10711855
527351696
1208900369
567335603
10735940
10700658
210302
643874067
665727291
662518366
10711890
1622625792
27219150
521595830
514442361
10732174
1371505915
17163
641652580
10710165
1338600629
731775154
584407660
643668668
299000460
736922532
758928271
591087100
1015857003
652880561
688521673
632507037
1318850901
627426
203227
1358165069
606440930
522016126
1573460924
610745693
500012323
1125974988
1027472140
752897631
520297119
31601009
804649018
610804828
563815229
560097080
710908417
781602319
1073555803
10708931
1407896717
793134967
621990093
635966311
520757140
752794022
708002326
10724708
522301205
510525469
590270175
595815194
1070126191
670239481
508110517
505486829
1210894
10705276
10736699
590425848
844625023
32403985
581414132
606676706
728499866
32404140
669008369
1198351363
791000857
10706390
1067107124
10708820
621963697
1545660067
513556143
10704261
630216399
1110515822
714720657
798477924
834173377
589417560
647390377
1148727513
10717577
1448533321
815820146
10718607
873490205
32402610
10717781
667122381
10704692
32401258
25910865
637592354
617775646
750304231
10718394
10731832
671387343
687895129
526287569
1409980473
502273181
629666398
553146608
529947911
1492844845
563393307
10716933
609994195
692972160
619510092
533125933
7928033
748990578
548387393
1391696898
784970359
712857310
644060074
699988085
1253977941
689944028
505330532
850720310
671878948
639682698
3412606
701348043
1412111593
609650542
20203057
10715259
584617306
10711404
624989148
575664368
614290126
1135644606
604895468
521753141
607305
683981862
1304341
27201894
577988662
606337826
1067866533
814109641
16307722
756844256
10726397
1062767019
1254917815
646348324
630466531
10701136
10711505
1051213185
578517720
406089
677440261
683387520
728481107
855309741
10701120
7027936
536732805
500211532
614856540
558505114
611976349
10708846
12452967
518821623
10703065
10709861
713990441
697431204
533512783
571664223
1279498138
793275117
44501988
716261998
702045009
10734809
714173
790192871
10733738
504110394
624125190
617827180
748479831
1201927441
508078907
1231643339
502877039
548095596
1311467463
1214282868
560970419
741426257
614789912
1218856
555212161
1215607052
593565609
1297878535
669632761
541122931
601707018
575536089
634770173
610533901
535436830
1229753788
675692006
534556702
1279809565
1222436042
601671315
16408709
509467586
4932930
727526326
871410482
626650585
798666977
776175627
1057020824
502513142
612115386
1036822529
2525433
674722699
586988943
10706665
10612865
612035296
675031964
10704444
639435843
529774425
545958286
777664288
1042775642
623402322
19508705
505701640
10705345
647440917
585779358
516929123
539773563
576293387
857600065
622825407
583352764
571588380
10712700
626063031
705925965
731920378
10711117
673865500
541862138
721640272
858920642
648869405
10725805
702791512
32400216
514867856
520380605
10721627
557006294
777000471
890515011
13729522
606810583
595496576
522022649
746644637
122604046
896885440
684506330
522361668
702019
681774412
769026729
644286477
533345014
10714457
687862201
624505923
507939305
674801597
401222
502540169
122613937
1081351175
10227053
644271203
1200705
1229766
520340103
584163664
510815479
10719775
546647019
581054441
806775757
32400476
605535892
645030609
565614020
687421334
521991014
520885198
632103546
697535242
617510194
639051753
850975410
635512737
518711602
613607081
647714133
659090432
647464761
3102748
598083573
562399637
612480847
32401683
518198038
579296209
646417852
687746499
625320455
587600081
598000587
585079902
579246392
543561893
Id:315427225198109
Privacy:OPEN
1059117136
100004403498147
100007800614966
100002813832669
100005768529471
100006435653060
546903640
100008127132757
100000296596799
100003801679322
100007013983744
100001041025404
100001770310611
1617933986
3433832
569788312
1722272497
100002557218230
100000644696555
656624774
1425286692
100001410425713
100004180425572
100000192636713
100004597216662
804808609
100003792011112
100002570112807
100002969954204
734165283
697688613
1310650717
100000086552873
100003727866194
1527996852
1226144488
100000858660278
637182462
100004791525525
669416314
1445501382
1682947658
520832179
1373316428
816538583
100004251018501
524720549
1210200162
645256324
100005672190699
2050987
717035329
100007645870088
843198653
100001498448873
100001055890363
100001639140188
50106826
100008008362517
100004260199231
715901568
674694028
1593092216
1451333125
100000123533563
100008354839197
1082300278
1068183455
100007136102903
1206409975
1454854310
100007506871591
100002826709089
500109455
100005674519290
100001627797507
618057951
888485056
560919551
676322700
725618920
853245654
595282741
100006545449209
542591789
603073848
100001523834674
100000933673298
100002866930246
100004803010081
550361978
729817870
810202444
1447173300
538193518
771073577
100008270357849
1541372032
1037524086
1297675220
100004470000031
100004760109828
100008255564734
100004333590777
678287597
100001396234143
735906701
3006888
100006615011389
1634694877
100004913354493
100006923895955
100000897986746
9635400
611791016
681595496
100003520648092
766806498
664897212
100003618703864
100004166856976
100002860853203
669581391
100000241814100
1813034549
100001962322535
899860233
100001942536576
100006568091478
536326196
1387224936
1714873004
522764629
646555432
100003712691991
100000008844879
601020707
512088936
640924128
654175966
100001973567202
504988711
1376795170
793698135
746330532
100002902195084
100000052244715
1391011521
100002341359626
1131275954
100000422165652
649229323
100002943352003
100003634624542
1010678595
1465894924
685702376
535349485
670977703
706335782
100004965790881
100000705813999
100001809500878
100006983832168
100001975920023
648533962
1261285388
607734722
1845544039
1617174662
100002171051976
1500380015
1548085056
539514975
763431763
620432064
100002616705430
1119074103
1496197653
1813145708
100000080987954
554443655
100006852873098
693143466
100001552801189
743971234
1105442293
1553296333
1533556523
1166714037
100000193809230
1013474066
100000261111149
677022653
100006594841971
1257073073
100000281162184
100008055361340
100008056172358
100005273974274
885640342
100000544325543
1727937917
100000434997116
100004565469527
100000983563059
1281527708
100000133329657
627648584
582073905
708853683
10739892
1658037132
100007844714178
651741502
1389574704
785942854
1429111014
100002991870588
1515703948
663405288
1302485590
100000973945693
573640102
100000355556434
763670471
100000977996925
100003026736865
1153885021
100001302452828
1515742781
558015892
100007615719977
804170981
1003283661
1214338135
100002363611640
1141089869
1693877053
700478840
1384930526
100001188699110
1443730345
100001068506413
100000905314493
505896545
100000713815217
100007527310688
701958644
100001587324658
100002802861876
100007433679467
100001282231885
719199215
706905552
1002340633
632151817
100000512385753
535694805
800735330
575754125
100001053891918
1486313002
1105891346
100000432121003
1183310905
100005577753864
100007340229035
10741516
794237563
100001340281494
100003962135341
100006461167187
100002598922759
100000114498056
675839146
100000146493675
1634487640
1313088142
1013492164
1391723120
100001717040761
100002835168814
100006245381720
100001531959343
573507975
100003200858965
100006790895578
1336280354
100000842542042
1574062280
760899050
100004204962020
100001820784213
1577520542
100006748692835
722342442
695727373
1519982929
100002785850143
100000506385367
100006585996819
100004101256708
1281218146
717427164
100000916922015
100006664895389
610864856
100004229382643
1439269417
100000264800332
100002878810522
100003407924328
765183127
100004580076503
1219070378
100005851624264
726811883
1736071574
1131487391
673241193
100001799355450
100002968531175
100000022195476
100000335264338
1029397778
100001524137486
1097768324
1603876905
1081929290
100002008942313
100004267113704
100001226191280
750595461
871800569
1058711903
100006291661952
1761178668
1719529719
738948479
100005215295877
1410130123
1537440040
591779921
100001462521479
1783625091
1111811805
100002658912821
1785233840
1043106352
1544271678
698964028
631606302
735550585
791912388
517739899
1307706917
563528755
6519882
1425203242
1594254321
706927500
100001686428688
1222935851
1118965098
100001315630975
122614646
513430431
1271540460
756466753
100000012057594
1167720384
1379876579
100000175139202
100002337009436
655965017
100001539552725
100004660154493
1127809002
616940663
631336691
722493293
100003167178122
1567280075
100001395127070
1718548530
100003608408792
541438250
726817396
631596070
578946434
1660837992
651457422
100002509419623
550528526
777620062
1646271616
100004543356563
100001693636337
100001916848036
828254880
100002821771425
100002049208689
699313793
100002888687891
44901644
100000101691193
717926184
1068316990
100000937910929
100000526201844
100004228778447
561448094
100004163402182
100003112415884
100006682807942
1194193912
619718971
100000483848275
100002930613021
100004358764985
100001629370621
806775757
728938459
503555537
13711925
100000533381072
1028813014
538867624
569704910
100003651488452
100000173598388
536830445
1603910638
504635728
778254042
1168915006
1797406962
592735277
1582178364
780425173
577422996
100002729984499
100006051040998
100002948869420
714279200
1472162376
100002777126589
100003213245430
840582626
526000650
100002077661884
906095003
100000096701306
100004440308802
10615574
100005806235771
689944028
100001523137644
713660955
28112682
100000253786779
681379611
100001513766497
100005889761099
100005842477473
100001165419981
100002890094896
100001415540061
630132199
713080092
645657664
694259083
100002695836577
100001369288148
1072904823
690644678
100000675104333
100001417779680
584043923
605410376
9216082
100000482494172
666431084
674722699
1509810716
100004221520861
1409917207
100005124879364
513676292
601498643
1027564691
612522515
569060908
1235420574
1711677311
1496591911
100001557016373
662185895
100001632012285
1192484671
100000937488064
100000190692682
1676403637
100001460612930
100003956018453
745324818
502186482
576595450
1583670104
100003817646452
100001708505044
100000334815450
100000243076140
1153124322
538441184
1670765348
1549164151
100001378401133
100000277952309
1359181512
1034846316
100000012048613
679800897
100001629742413
100001482756617
100001539433602
674801597
100000122690992
554457257
628376953
645510693
663330333
682421914
626807963
1483484917
556665482
605161657
1728519687
100000535663685
100000294800536
100000215776673
505840719
100001650365262
1037225666
100001633818731
508355937
678945512
561400244
1630641202
546787714
100000332763788
1524871163
1212176382
705982934
100003033752517
1634102935
789795721
100000508927885
534283181
1755113078
1314942344
838510530
100000901890117
100000174532070
100000321512099
531558146
100000227140285
100001214245654
711482931
1543639495
622329932
100000476298530
100000164688585
100000176400261
1537240133
1177447387
100000515651637
1087323831
585447004
1534885795
1410962682
100000246980095
734767189
1117179137
1591161159
1578588365
751588026
100000652352908
1186401080
100002344745570
1519222414
1175911599
1137246405
675418268
100000153684172
1182656343
1131741451
655802825
100000248706589
1307763623
1125415265
100000202352052
1435755675
1127250470
100000289092988
100000347670029
100000195712238
1459747192
100001751019563
100000200404575
100000645363003
1029041630
1624375037
1388693249
698227147
1622545152
100000218748587
100000267034917
1497687332
1240538257
100000095165702
1677096917
100000707277835
100000492022084
100000483955917
100000339115406
100000270431422
100000214230222
100000178190473
1519929620
1508731939
1507508893
1233320156
659235187
546449350
1433405803
Id:587342091312143
Privacy:CLOSED
1425420288
1407707261
1239840462
100004122640612
722462340
1582920112
3218976
1140436706
2250028
1401249723
98301333
715065407
815470606
100000145593594
1240710202
37605653
1379790135
504143488
22918426
3500639
1148280035
1012200677
509298640
553735454
510160750
6316251
9376246
100000795461192
197103647
743765155
1114260703
508755451
1101287
1249020124
801920455
8378900
1103922978
1442820128
1539966407
1133014678
28124933
1201779879
572278203
12332487
592665953
500483137
1605780320
647417330
541241235
2256172
31043
713981820
1172
697382703
8310328
100004441959351
3002729
100000332166264
100000025688076
687786601
1413446957
1170460780
1259820031
1216056106
66805372
508003680
747699325
1538520133
1447680410
100000145407077
100002257679050
683060894
1356781190
752252113
1531711128
1352910558
100001459440953
617171
100001087420042
39709734
641167008
1306590409
7934749
1175225586
593327841
29619
100000039363873
782473095
1444009784
1819794082
34414844
157400774
100000138361286
1135413077
1052805879
100000125987851
778895486
100000134207416
1206382857
1043712453
1645320098
1563996585
622337510
1250132866
100000312978952
55901467
182703020
1357993459
1357672921
1024856640
1341624581
567322322
100000072392971
1545150083
726526944
707242976
1611722490
779464537
547742500
524682384
1233121256
1134666568
569286490
1302141892
37525368
21604010
1396415160
1531710314
1371765212
1311726188
844015306
9508723
680389331
1615123586
550611268
1453830043
7935869
578712151
39601954
16928472
26002818
1488501036
674458875
1679300335
6005272
2244828
662907200
543223921
100000708693437
39709420
1572450535
57207714
693518478
52903974
10229015
1004247145
1506915318
626930835
1515840891
502078123
707579
799770690
633237255
1649650767
1403903872
1493094490
725035540
1327590070
633321033
1529880160
1530360069
881675334
841264503
29615014
1553551302
1544160056
1437549670
540880691
16528
1270305690
685415727
1268406066
842240371
651573592
516375797
614806004
595700650
524019831
1530240101
505472258
615290345
628505702
1224648577
1016216547
1077990017
701200404
502124728
1544220149
1529490458
300900489
505162881
8303130
664765467
696630306
585112988
1350810679
1222710242
651326810
1331280330
1124790100
100000108687530
1035840120
5022942
1336260073
1850798127
1057890374
641971114
813663361
1055467061
1129440158
11242
1581990039
1136927637
774576631
719651425
1036350030
541666322
1333920227
657423221
1193151883
471
1598700257
1461757065
1186779622
512825546
1233120524
688402436
828708259
1553550806
519082615
792087511
670190546
502529561
1236534234
1479600397
632794310
100000771655722
1547820088
773777305
571673061
654155971
1293870025
1235310073
512169795
852465367
516843406
566356776
725453730
525515042
705347929
1277865847
1004945910
1345350224
1101216653
1049185330
890285376
562083167
1267260413
665251801
710340404
512818477
654237303
700131773
1048121014
1107480384
1420980545
504162087
1233120487
1571640123
835689618
504740335
1062960117
585592532
527910597
600035406
1550730100
1244040376
646865273
631884280
592685958
1093102143
1341720186
596277256
545050906
23915935
1529880183
1212252807
1549620095
1550730017
517072935
500772171
1553550723
1553551029
1553550201
583767053
738970719
557970129
7902137
1553550574
100001315203257
753605485
1550730214
521005863
839633221
1216680119
1530270266
777865236
742150175
801785031
5700373
1531710559
592866694
502236945
1547940072
1207597431
1548450019
25406644
1515570189
1515360233
1547970443
501391062
1553550927
1549620115
1550730135
1550730107
1525620175
579697702
1548780348
1544160162
752716223
727576797
100000155302599
509314711
505040143
1553551075
744030592
1529490109
1553550061
1026330164
1290790365
759491984
605185129
1553551043
1553550425
659971250
1694151888
1214506177
1549620067
1549620138
1530240185
1553550521
1529490072
641473692
1553550623
1529490795
1549620087
638059220
1529880257
733634857
503682867
1529490297
505226009
1323457589
552511667
1553551041
547199588
719401789
558950693
1529490853
1529490374
1529490562
516246082
1548390128
1530240195
681903213
1295784822
667680647
1529491069
1553551046
702469975
1026330143
689925428
1529490212
1026330208
694115690
549920043
1529490182
1529490626
1531710757
508656824
811990513
500102907
1553550571
1530180343
1204771250
742410491
1349752194
516286643
510906441
1553550428
506526458
1529491021
1115620178
518193035
1529490731
1529490712
1529490128
1077990059
740910220
547910774
654444195
1553550718
647751225
500740541
1529490964
1529490387
1529490088
1529491107
1529490543
713555011
1529490739
668190045
1529490940
1529490520
692495421
661152627
501396412
1026330110
505712071
1529490696
766010286
1529490644
1529490566
1529490586
1529491012
1529490652
1529490748
514121517
1529490967
1344672203
1284243316
875965111
1529490623
1116000082
857775252
742135369
1529490910
1047405561
663740710
1529490102
1077990049
1529490864
1529490783
1529490630
1529490935
1529490177
1529490511
1529490491
504001819
510562108
1538520084
1529490761
100000172977631
100000012057594
1550160089
1302898391
1198118342
1529880313
699865030
710696819
726320112
626142783
625415293
602488928
619641598
601049498
661930105
659295202
652681264
1026330175
901970446
775644238
849200532
783220155
786535603
68503185
29615147
25409252
503622090
34415293
501399801
2903211
2509967
3320016
13925852
530333852
590398223
576213236
578240584
571070354
507338651
506836570
506284079
504219106
513468915
1140420213
1530150331
1529880245
1529490941
1538520673
1538520625
1537920303
1530390081
1529490794
1553550874
1547820176
1553550535
1553550261
1553550238
1238280494
1357501809
100001762330315
1342810651
1259416516
1321736796
1300890505
1245150048
1232401101
1525920090
1232401603
1515570357
1221151594
1449120078
1440432047
1514220317
1207952100
1325605137
1539510010
1529491157
558189492
545437767
788620374
1039842563
7914944
1140420248
1380120214
40009864
1162
1004215600
1243110143
100000172622707
687449360
698624033
698491266
690586987
695873293
627140018
609840529
599585724
669835787
646315234
1020813450
1001040038
1083420183
1051230087
744265022
781888464
749765064
749615018
829264967
826985384
814960789
806275277
789504139
76604089
70309185
500096636
502667757
500772751
501609355
32829
2968
4001308
8305685
7945799
546868054
529002812
585222924
584452413
576095723
569386290
527568528
508213116
506374002
505765290
1530150668
524220461
1529491051
1529490942
1538520321
1530240323
1529490617
1529490606
1529490482
1529490497
1529490905
1529490787
1529490740
1556550010
1529490728
1555980089
1553551020
100000143989038
1547970308
1550700015
1553550432
100002614764655
1553550397
1380120196
1423230344
100003113291007
1233240096
1238280039
100002080773443
1302766173
1341420827
1247790064
1246140120
1528074267
1529490147
1449120283
1444920016
1230931935
1529490513
100000013544616
1449120281
714386
560461700
747120091
646652309
1442821883
1204020091
506225851
1001040213
503654247
2059567
5125133
115201784
1620040945
874815612
504732979
16931166
16927109
4713783
1342467687
1203540062
2231497
1517820091
4811928
4503559
1194870409
100001147578057
13963303
676121639
694864601
1950675
1188883493
31404955
1395690121
1284570109
688471189
15713125
1529491153
653661011
Id:214404972018502
Privacy:SECRET
100000238414373
1064588885
100000012057594
1114080882
644805812
571112599
513350121
505189829
Id:255878014526249
Privacy:CLOSED
100002570112807
746330532
100002616705430
100002350921220
592735277
100002871316002
743826777
100002103818305
736829130
1269438563
766806498
100001639330694
100000469712907
777471336
312100101
100001381458675
1156171721
1434635156
1047155588
574867979
767268813
1032296518
1244705472
658700565
613200348
1308305396
1226564853
1552655643
203227
100001227400172
100000012057594
1715722185
1416001981
1356955828
1340540549
1315757712
1102547942
685185210
676650302
519090146
1317127
Id:209348119134110
Privacy:SECRET
501405265
348900064
39201528
1241820169
630922444
508478743
1187580079
1384265588
504325944
517389042
547218854
1447240579
100001311127187
664208334
100000234912789
100000217452031
556860855
1038750816
1143168635
535342991
100001654961295
510160750
656010876
1598610051
1456290464
510442120
411792
3319106
663184116
2201070
1672860072
872615531
1365240169
808374745
1017473530
748554195
1120209717
100002947376918
1427033168
513058874
622415703
519297551
500702142
100000973046213
1234261029
100001456338771
1027595455
100002381518055
644816025
1842824714
1914528
1273620715
10108595
1431283894
602280412
1338967749
568150580
656468068
504636184
506473060
1666290084
1290156939
100000026975993
605998017
736989258
1421010340
725126112
653842657
507852729
561346974
18718226
832375601
525562531
1222194815
671761665
1383876653
3324443
1457514110
510767331
743677007
1006744818
794549756
1109029651
1245903256
1519890008
698367322
508125286
503029997
2409039
724526487
1457790274
1340540549
719450492
882465304
1030749036
1215768650
1233631335
737195725
666986935
542449596
706781645
1442918282
754875075
100000417773443
575162991
1038750511
1251724932
773160036
100000328008922
100001107900826
531614953
1255152207
630358862
1230931935
502171574
1282012600
525235392
28200056
564255044
1485368720
1477860061
1396660198
1244220390
583785093
1586405598
647107477
1341521348
553903530
100001464085466
576055684
100003850311144
712510
100003835236739
1438420543
1457333240
773434764
558618464
5412112
678580627
752919504
584118182
677870311
100003952895414
100003948875458
671040675
728977465
1143562513
580560115
588366053
502102280
100000208750983
1051080791
711665388
884960213
100002469847104
1576830062
1227810354
1814286580
706369088
503825641
100000646540163
504041569
506910732
1795507322
9391034
540953161
660125034
527685176
804556249
571112599
678130452
1481657865
1144981495
1424367292
830955486
1405726976
1303489914
1638150246
1087875304
796962621
100000502605876
735256273
1341510097
788379234
1165094160
1424446988
1376521186
704637493
757093922
674427853
634631086
772625122
1270770012
727012245
1066515947
100002319918791
514107059
547857882
1355976417
1272437308
100000576365450
29303879
100000479027062
100001123512713
618303237
737235697
100002020740103
1813761604
647370369
1044931762
1658520342
881390343
504921880
588169362
100002409970460
656735755
1319859000
1227570372
506598871
589934401
554766195
1953967
570067515
764260219
1651320172
726670506
677313689
1507210299
535311941
652070731
1319580368
727439178
552588938
1808926037
712739084
1086990190
673095562
663192432
595878599
1029916386
722050270
1281974800
1043430056
100000571463354
1433760203
1338146134
629551203
1431300851
788807027
691266796
577690685
1507585381
1372934085
1073207639
1111745248
503423783
837210112
1074251396
100000281962430
620955101
1473298339
506216752
834819215
636443734
566087213
500222249
1788187053
1025295577
825556683
1239930403
698342845
665374489
1620519362
100002400493589
517684919
1277929505
639367769
3006692
100000410168910
1133022712
1600600707
10726217
1357890069
589975420
677512649
1079527157
100000180668641
10123284
697602936
630431964
1203491531
564982601
558526638
100001501001982
602071625
1227570114
1490880014
100000007149693
670155273
1242075094
1009123598
1064588885
881715005
100000721131999
17203391
100001226899802
1589496366
1376692398
1328612479
630460158
1501097396
736829130
738743013
638386744
1094537666
511620827
1538135693
585471957
639284342
654844789
1586850340
1597556646
1134975848
770302986
818505133
660088457
1162381730
1051461759
1111002450
857095124
1561246471
677215143
502537256
100000255078595
896605149
100001381458675
678168833
602515848
690481736
1077171638
100000489369962
629100555
736572596
100001728519162
641266202
654321128
508755451
1326120240
644660334
1145101048
100000586335422
1306898692
1007573124
511877339
100000981942170
503624834
616592072
1051411742
500505075
709421995
21008920
1087501141
100001068286173
682805948
1241550352
524960868
735473649
511887956
630760225
1527741431
773287831
548598898
1241970206
1263402484
511808550
1572450679
100002809044149
100000450434198
100003613674805
737835647
1034246981
719248053
733547127
1532880060
1327184318
683135154
100000042985009
721378975
100002523631159
503274344
535301677
100000598315149
1380391230
1207202153
100000964846110
503047035
1571640109
536246003
1116000572
590970599
544462412
100002206128225
100002133079022
1626278824
601169337
568022690
803682457
584398684
100000138048829
1576295106
729738288
100000021016722
17831761
100000429712646
1563600310
1284855709
100000746205440
1454812805
1651800209
620088507
537433958
1662969200
524241279
643324101
1191995174
735213708
100000153326097
589617649
1373700921
701215685
559678980
6228753
522035957
511318049
658202245
530617729
574484459
526985276
1164482650
667330426
737770957
1108410160
100000100141739
673427639
642200240
1021994601
3432434
559251638
506667705
605430497
665682243
610709697
1065871016
1685328371
1450602360
719075225
1404296281
1335180633
514163794
1308361078
100000076630719
1473780150
563047596
682815866
1092240345
820840647
632796006
1184582696
708416971
1044224584
1236534234
1035609001
740002735
100000181531437
1215183361
731931347
596466557
1077409170
3108045
565681976
1801246939
52501806
713836904
100000294323880
1513566309
1167570720
859200262
682309052
100000020272125
1211599564
1456230174
100003098152407
508965725
692176838
1337604179
411495
656385446
1650360067
1227571165
1480651425
1114290536
100001181622206
719166569
1284047405
644935593
514745478
100003485951501
629794893
684613112
545116561
100000176626199
653499437
578895154
846375466
704816995
100000310881870
1306141348
1167487604
1697736333
218727
1658520268
674681089
501213702
1597560062
1449665562
501758340
511977582
1223851741
1066950292
601396547
1271556709
1500900671
100002076128067
12000413
538140377
631475309
1552655643
534630618
536815045
722035939
692259940
542822768
100002111881445
831985367
678145793
862805003
1019416110
561417547
1075890008
505472258
688886831
530690442
677381179
1250652089
834635467
100000739093603
1547971310
522678796
1219773052
830413447
1468183826
688681186
553735454
1827109264
728026423
792676737
1113186697
1242450980
1595820076
100002205597831
1036380621
788629509
530298245
1428870623
714666982
575456149
697922230
1354124203
1273561181
1183500668
100000351607645
606607753
1735201338
508232484
100003464325079
771140404
684365023
1641707214
100000603376159
574000295
555596294
1114170129
824900236
1406575301
1567594763
1460821993
685445522
1044030192
1198195986
706665195
597255720
683990166
575171098
1157553707
505189829
605826257
505515283
1572451314
566151919
721759254
710786646
207304306
677237838
865490272
649522161
1452780082
1537078247
559022619
619720710
1542098920
619740675
569457022
671041145
1511070379
574666291
768979735
100001200725666
697237266
100001258907909
578151245
581952344
1432870537
635562475
1345012388
613200348
1045619827
696954011
813230106
1588530094
1386682622
543097474
638879435
1641204042
629124472
100000723132803
1175501163
609135233
507080117
700727399
1247011235
100000036405716
516033324
1422765412
100001467676587
708061227
713946059
1514460316
599906299
621371267
516790256
768233034
736001772
1013916769
1084110515
1249553470
888160642
536457521
856665382
1398780199
532339347
621398012
508485314
100001280854192
1087050377
571851743
534330152
760049047
1342020331
501684315
594978674
505377869
535511690
506773723
1416097919
1100627621
660855297
600738243
509024622
1247010321
738891521
709600181
506514847
655568510
558850922
506661268
707427285
1668990047
894245067
1212871749
574772731
621401107
1004042
100001422540116
1168516609
804824184
791928624
13712475
605406970
100000983663335
100000858125598
100000238414373
1333020267
1328100019
1301247378
1064010072
641430421
570604055
565635813
525927601
882825493
644805812
10141258
1131077346
683473627
708911292
1188890174
1230931728
1542133595
100000254318471
100001676416992
527921606
876440272
513759074
1297407977
739615647
40804586
527960906
82101069
560065536
597719993
81001123
1707698685
1137750038
801865436
100001049749297
1243632909
574867979
51000343
772436978
650028201
591647391
1252609091
100000717890487
1326120905
100001858437411
610710404
1635390083
650648809
1164421475
661348025
738629859
621925440
1032810146
100001133835076
748914591
100001663372657
731631058
738813899
747239704
551442442
683346659
659240553
1814725358
567517034
100000132343222
649713621
725453730
505036231
100000726465080
718860060
1613534534
717825633
580186405
704556773
566673726
1025400213
819503080
1264680020
1572451047
1335510551
595263178
1302280310
899195483
1180133978
649638714
834653134
1547820241
1063440122
525896187
531643094
100000597957664
1227960757
613665699
1080213382
1337730890
609585643
2358730
100002183272408
1345883632
661793412
744081946
519496440
501418839
1332338124
1076130180
763080153
705293221
1246890012
1302275532
502778761
100001550021897
1366624472
647026062
1608514515
691306283
95000499
1105200138
1398403933
606933945
1414994527
1139892318
746735506
1539441516
500548346
879745391
506960612
1273621307
570199364
1380728449
100000215839054
1743443832
511030827
597195061
661873160
578760801
542515216
100902700
1051530067
1014434235
782400222
745352765
707405366
669865065
584707270
663466018
507738691
1170150676
508896848
1464300210
527230516
1792268002
1371086862
1315504787
822005260
730552533
651059415
519967238
705005594
635822026
100000012057594
654525882
519497724
100000278151450
819229669
619601090
1321380046
830739198
1638960029
718064016
100001669510013
116204134
100001152911412
100001518935551
100001154246830
100000052204620
659104316
732710478
870455290
100003233472789
513350121
667620065
1327893977
1717917576
100001103236955
506485769
620322624
500708497
1497461756
1559627321
517014329
1041806676
735100140
1583070046
1457001475
1413518117
1381110340
1055790678
820285491
813464290
731680645
649075007
606615167
586546594
555637336
540474664
534693259
532029675
100002936435299
100001639330694
1522080421
1377185764
1337174108
1256370054
1177470071
1128630266
1043387063
698662534
680509778
590260897
571847783
567105313
530937391
510295681
44303321
17832125
100000882743003
696800338
616390388
1114260703
100000196897370
1385015923
1351800775
699144285
100001188994038
1411870309
1409721649
1377279465
1308060639
1241970213
1109328566
733029520
731130724
711314097
670875164
632502118
601035026
590671776
589810595
587349992
580426960
564202597
527403698
509621826
100000058340752
1294261023
22653
1319058766
1222991322
1114080882
1074090102
1036809368
828708259
653157391
534393109
100001696446035
1437992497
1459360838
1252502656
1656690573
504950598
63106649
193300913
1055790971
649920559
100000213794076
779635202
769725187
702303887
1705006
100003065948644
1450937549
1333080020
1196243367
1174811532
1143840042
1116270795
795785321
701578908
613102842
579398880
511344706
23932263
100001289086192
1467083570
504187255
100000094923787
602987580
1300402280
505131734
751055568
523777550
580140356
715380594
1638150088
500544149
1160221283
1108998031
1399777328
100000201090178
538346492
1091294282
1546164281
100001926142612
609935410
512408534
516380694
529386038
1344789341
1758533788
1402770154
1531183208
760222787
501558461
528270636
504088103
1122834695
633089051
599761008
1000915902
663976719
1260360043
651474306
574531285
732590638
632460581
1079791409
715274202
527545448
1055561914
100000570896568
8372219
Id:120808288022464
Privacy:SECRET
100002673270622
655946639
100002213994366
1437475859
629301108
100001043113693
100000012057594
1464053792
1390726613
1079171732
670661193
Id:180689128673077
Privacy:SECRET
1170612175
743346179
1363898429
712398494
1395360439
655946639
1830533715
1221707223
100001043113693
1391040903
811965455
616171753
612455946
100000012057594
Id:132526336845405
Privacy:SECRET
1118153348
580095854
1401330075
1395300095
1398660771
585028744
1392960069
612455946
679751223
744270623
1398781226
1393110002
100000012057594
1394670159
1392660853
512387892
1120471642
Id:265714250113105
Privacy:SECRET
100006499363894
100004917852500
558539295
557662748
100006521226113
100003020331478
100001971448126
540877253
100002029825139
100001488204874
100002230853604
100000288437075
1726005942
1247089658
1223066995
1092935080
100000012057594
Id:210690308988504
Privacy:CLOSED
508755451
1571640109
671595060
100000012057594
1497461756
1559627321
1450132508
1385015923
1114260703
594963409
521851989
517014329
Id:142615672494560
Privacy:OPEN
1842654791
1215030352
1417946990
100000369121700
100005218755522
305470
100000560222572
100000363572141
100005195464550
1331778524
575228817
1008987640
1304145101
625135087
1530084272
1478657853
1149578950
100004217645871
100000230786737
1222881914
1447163292
100003464666017
100003622893584
1108066486
100001592841815
100003739734017
100000261739065
1201622826
100000096912074
100000304969690
100000381855107
100001427191374
528562316
653446958
100008369550006
100001939172583
100002447074578
100006504280542
1457055037
1427446216
1391041092
100007600111082
100007934164105
100003331220565
736142737
100002509530531
100007377043070
694923066
570575710
100000171850206
100007292621647
1208420200
100007539964703
100001331074079
1032817612
1317801161
100001641663195
628886214
1354164978
100000281010629
100003091294709
100002072266509
740292825
1387341982
625518790
1662529009
100005487242851
100000955123468
1640868086
100002519865220
1206692593
100003384071465
1850143937
100000319113427
1383508145
100006425593617
1352723528
1271841797
585795182
9307624
689754975
100001020820912
1610152179
1036070972
580984580
743351380
842554633
100006433433565
100003751245378
100006429502473
1035691788
642559585
1587007927
100000242291961
100006452705435
1492544111
100001723631871
100004611930942
1420280394
642920610
679697748
578432925
1303187379
2524265
100000361231143
1206369447
1555278454
100006641705075
100006530376864
100002916777287
100001613740188
1284140264
100002530170003
1667351475
1185337105
506257574
100001313236343
1217770102
1234532633
1832838561
100002739888196
1207940202
100000584476084
100001237594354
100004217982739
1298787634
714246969
1395517664
1703378948
1525110216
1644777615
100002978887400
1395189999
100002097147700
100004052223234
100004208350542
100000657643577
1814182857
100002916609333
100003810253146
1472852622
583847840
1189611860
100002292483812
100006050228239
100004336477129
100005891225109
100005188507751
100006025541140
579651488
1533962725
1401660577
1787295653
618772960
511209173
746870288
100000281053933
100000291832352
1683462444
100000025483047
1342404757
100003561822649
100002637281786
100000002854558
100003691603180
1458930610
502369443
100001240800537
1401660548
512431455
511787940
1643808390
100000061658857
1342862994
100003696639486
1679709364
791003885
100004226044367
700749176
571274186
591534548
844259105
1550150680
524566732
1628675774
596726020
1170612175
1152632383
1390426461
545700645
1467252619
100000738895780
771505726
1023504411
1733040174
100003801843313
1363898429
100002875864132
100000059109845
100002228560714
607521286
1257008351
1517708516
1588390808
552247123
1053542808
1367734457
1445144557
595415204
1195052955
1324586225
1379181389
1147093881
1333170552
667756239
100001711523279
100004191881060
613059849
656068890
682500786
1660791366
100004228563769
1133032291
779515499
100000193299743
1473767761
598300613
1332652953
100003243089073
1651680502
1398660771
1059504101
100000317104698
1383123160
100000408507582
2720898
642043952
100003892638523
574788470
679353524
100004049751826
558597480
563981371
561645150
100003888286600
100003833587316
1324637785
730148003
100003072272541
1396140659
100002358844423
100000683430750
1448392538
748466304
1839181334
100002673270622
1031417174
100000835751655
1209640063
1285951955
100002731100740
100002935867470
1471633854
1196885091
1644950206
100000037051949
1420572821
1845112810
100003719905392
791910073
1208153781
1782492225
749339736
100002255751827
1272997150
100001473650674
100002826047894
100000402959116
1685779096
100001415318950
100000424850717
100001759758674
100002248192513
1397468055
1160694884
625862922
100000509861710
1376022241
1668696760
1108984292
1395360443
100001574140416
743346179
1336783935
729972537
1062881670
736122455
1042833648
1831255187
1398781795
521144815
1395360439
100000457481369
100000008608872
100000741846725
100002813248009
655946639
2720394
752401870
1599176686
1395360202
872630692
1830533715
1210890499
675819857
1224450418
712398494
1519641790
1394670159
597615548
501650353
1470296948
501582070
585028744
521908544
100002213994366
505138793
100002254205112
100002572562137
100002336824694
100002209942621
100002206457204
100001500729894
100001465104751
100001432524423
1492995610
1437475859
500491060
1288868397
100001519775694
100000218505952
1394738016
715015226
526198701
1722822412
1475325803
1434582883
1398780337
1390726613
651337750
629301108
614766712
612455946
1464053792
670661193
1403850363
1345759890
703540180
584170301
553065958
1079171732
100001043113693
100000012057594
811965455
Id:159171004148507
Privacy:OPEN
861820374
1537311701
1317127
1403504729
823562219
542004022
513604027
1108731735
100000012057594
1345945321
1022428502
1423225481
100000488267989
1723267144
515689216
100000046620253
1025438621
1524002435
681499176
100001019693297
1211173126
1484950015
1177135240
1070564916
716552637
709908032
683758202
660905138
556513263
611087290
Id:136553623069872
Privacy:SECRET
510160750
681595496
100003233472789
882950654
1638210052
1274606109
1457586794
100000312070685
527695412
1009960
657510314
652260490
1342260095
502176698
730530135
585471957
696800338
542004022
550486074
785185248
783345111
737785443
736665547
660491409
632460581
508809029
417591
100000096307731
1437738717
1372934085
674076973
500010011
935836
1330247953
1108316673
1095142344
771560485
100000689026882
100000280325364
1042912641
599626564
1576830062
1519111844
1346350108
1266705213
712170712
599761008
555637336
515849997
506105757
100002505510841
575456149
852250105
1307228017
700755357
559165508
569715146
1034543176
732580595
1319537500
775750713
542945830
524500611
516379091
25315283
9376246
1683204266
728977465
511211618
530400547
17832885
100002020740103
1497461756
1031670299
587369917
555126862
6022910
1002963141
711725608
17831761
710208593
5726708
197103647
1181220126
100000286135718
651474306
17203391
13720040
1414260401
1369631663
1307610918
1154445129
1135710061
702656379
594012385
100000232633545
1421010340
1396410136
1116270795
1020690080
741191704
615467286
590001034
576585452
533655322
17820361
601857
1674428098
100001089153817
3903152
1113840242
1028113926
811150505
664575290
637992360
533176072
8381102
1148130165
100000845058605
1596390539
1101120119
1037448888
751378597
675194814
516969798
515191041
10741692
614984419
1474080003
1314254200
687207313
624542515
508683424
100000844425057
100000212101317
100000061260592
1234170323
1221602507
1093383114
626737108
619246139
555110645
505267295
501937016
500553143
594444229
100000302224499
100000259174206
1704729356
1269399924
1267260233
651167436
639452855
532200371
782610298
720341524
591567283
569626021
510468092
704152
1658520342
1145101048
563571814
506813494
2260881
1381950105
100000539398849
1834513841
1658071266
1334100191
1272437308
1146180145
1044030219
677360244
599491118
589530172
626991
610022
102988
518876943
715274202
698595456
546970241
502786728
695050531
677237838
615682581
1376662430
1325522918
1241873573
823790472
1496092285
1467635694
1223850531
1085145019
770653470
693932022
517245226
14700074
9108005
4701216
820965113
1218840165
508144616
1014735121
2403021
1345350062
507715318
653842657
1429747652
1232310376
1808632009
1561985165
1347451603
1318781991
1265349939
1230931728
1230634047
1138665769
1059677463
1048544212
1028813014
662298729
621371267
621305086
562537596
554767880
532880121
58019176
2515337
582961593
1586850195
860949259
505495947
100001091065727
752680762
550507246
505090465
13736465
7501046
668188885
771870216
652138879
507965272
506225851
1524553233
1292891005
820915275
632796006
2257255
1337730890
100002124559530
517351098
3404175
1033087110
1438096194
1231571336
798208451
677569361
666505726
521727048
28600951
2527554
100000218614128
1548810100
1227960196
737195725
633459881
564826485
556026809
501916881
23932263
10707531
3432434
1000157
705645
1114636866
505653929
1398781328
670155273
1340073366
1334730305
839098116
740725564
698844907
502780605
657965472
1480140036
4804714
100000389455824
100000021016722
1548270051
557575150
542650144
555998721
1385228092
100001603921468
506773723
9903769
1247940035
6218495
751665203
1227960072
617752160
616847641
1124314100
501548797
1548210098
500719338
100000150712132
588395759
586312055
1249020063
1248240505
764298711
100002160401718
654844789
1170150196
1531073673
514932462
1252770251
560065825
14229408
1673304230
508112534
1571640109
100000012057594
508677032
21012196
1000430784
637825790
564300306
1651290117
1450937549
1278780685
1129380103
1035960486
556399609
523838957
521851989
519962960
517114252
509071317
504536658
10738077
1590210084
1005121303
100000361956901
719329626
513946208
1520688
1253998293
744395603
618825917
592699678
580314551
502213089
7957901
812405253
1450132508
671244298
723200653
597248264
100001046334546
1485600260
1148820184
1076657866
778164801
743331847
729934006
718981532
667175775
566087213
625246787
620088507
1238130809
8639960
1067189876
678182050
826985384
1609980170
1175815311
1150530722
1146150800
2259439
1337604179
1041806676
1107690239
812558717
1295730134
780949771
606605577
1087875304
1120500490
9803318
683473627
1373700099
676115756
881440642
1686090135
1227210306
726670506
685362064
618582494
503534431
2262529
1838917235
1404837977
1096091782
506666164
505892187
501621887
3427962
1009800028
805780135
1572450947
678123725
1827258704
1282732915
1227960063
1200282792
1108410157
1062930493
600346876
543453567
3307870
722050270
218600596
7922821
1429200098
571495482
553735454
2256172
1054267764
666667362
1269668812
100000277246544
100001441158497
1065330058
1011210375
673095562
7701271
1526885364
1303489914
742172165
550867861
100001518372185
100001230937044
1586405598
1461125581
902705590
751621413
671040675
664120472
634970843
609935410
574705284
564976023
542960036
529477046
26404647
823717221
634859873
1745031931
725453730
1493908195
1468676541
789370713
589934401
517062398
501898317
3411281
1057890374
1317734
712805619
1056450144
728113081
709591220
544750850
521894633
100000491795395
1761829581
1531183208
1177590076
1116240006
1086039932
1063590107
728076427
699931933
676813905
594565426
562340329
557865988
537015081
517856479
1096417529
1019887450
719070902
556564020
516893740
502692238
11611891
100000781969691
100000752162329
1059999138
896605149
736845942
693840144
594963409
5901504
100000152485380
536339605
1385015923
1380391230
511030827
758483427
1087980748
646555128
587453495
552887995
1076407070
1386120037
1050316343
1038750683
1025700202
1012200677
1006744818
784260720
702715799
100000674364279
1163814202
516790256
100000138025932
1605060204
1120471107
1063140529
663466018
599906299
1634970014
1346691871
1304022660
1284855709
1199891776
1148850116
1107360045
1076211712
746735506
692259940
682815866
555727342
1043473235
718442338
694522536
503688392
1055561914
725126112
514365804
503029997
100000765906281
801920455
1451989020
1259494459
629124472
512260741
17811476
14835775
661486179
1428526703
100000475566141
100000233727936
1331760237
1142160124
669183390
645073354
637484852
804556249
818505133
653683550
513504472
1559627321
1463901384
1445132793
1363350190
1232401178
1199190181
763655450
605135189
517014329
1576295106
1372413161
1348712954
1314346953
1245903256
1111527765
1061250125
1020182162
671595060
664495854
1566991474
1487400200
1235820213
1125120180
331300145
17831931
3708642
1168657147
221000053
1230931935
1242810207
100001311161531
1232820311
22918426
1030576187
1492350170
1237230063
100002080773443
1686240113
1682462319
1651800209
1538460041
1364040015
1087500115
1075039621
788899062
752441394
731690316
617724755
500639554
500331237
1604010015
1572451005
1459680132
1269079368
1190100699
1176854529
1109850412
829745507
805449255
764260219
715646258
628505702
567517034
555437232
501558461
12711818
7900636
3326048
100001192323255
100000371761855
881440721
820285491
765538718
738577724
667706748
649770075
644608102
574376587
4905739
1064850102
807490590
682766547
661573441
637750343
563342364
516786839
506514847
122610327
100000847021842
895200471
583785093
573967454
542586914
37513081
1539763697
1511160079
1368750015
1175501163
727470937
720535862
505129708
660155262
637190711
584836214
1538520947
710750020
511344706
616390388
1105200138
589692570
1265451035
1420980096
1199700166
719870583
1232400714
1148280035
1260360043
1580476065
1236270508
896130316
719476017
701972381
1462578513
1344571749
1067814101
709600181
699144285
678776100
605757729
574531285
547567673
728305749
1572450679
627241226
100000722487063
729665157
568702114
17810328
554465149
27800101
530333852
1361340527
870065441
508413148
1490880176
1481657865
1452196416
1173181134
870455290
590970599
9700035
1223791135
1140420503
705327787
705091722
640921673
526168413
503833166
9222685
3324443
100000020272125
1431003717
732590638
719619743
717545701
659028232
611886655
573184273
517310930
508755451
1562910935
1314241975
1284472288
1109029651
746635474
730780543
707101321
647107477
585222924
100000882743003
100000727353301
1539441516
1460324916
1368323542
756614013
681819514
500029869
146101154
706515
1582680024
1547971092
1312137543
581206653
521410335
510342156
509298640
501671015
21004071
1481940079
1326360321
1326120240
1006350121
832830105
592665953
582092904
544462412
538043948
100000076151258
1582560061
1114260703
1089275238
1087501141
1087500712
1067438667
1063170116
1004768429
768854484
678130452
661997432
629262943
618303237
616899138
578802016
571815533
548516121
506216752
1792268002
1541100077
1454010001
1416097919
1293969922
1203705801
1146722429
766709316
739821311
708911292
682494178
529977892
100001546659032
100001226899802
100000234912789
1597556646
1347203280
1246890012
1236870688
1044210040
734758298
672164458
542410295
6316251
2718289
1594254321
1227960324
1054530894
841520012
645410153
512662698
100000842824346
100000772125659
1151784224
755905573
732710478
729289097
639284342
597719993
527545448
100901625
21008920
1079791409
608946171
1267737679
760222787
733029520
1042285332
505930519
100000570896568
