Id:10101586693615098
List_Type:user_created
1368750510
1341035208
765455042
695066966
2721931
1629661317
179201488
2703338
709491826
2731481
1233485428
31301287
28701031
Id:10101558970292858
List_Type:education
Id:10101558970287868
List_Type:work
Id:10101558966979498
List_Type:work
Id:10101310756131028
List_Type:current_city
2720871
3422002
28701031
44407407
502002643
506873683
1095300240
1232190257
1403850054
100000592556333
Id:10101310756126038
List_Type:work
2907598
Id:10101221555255298
List_Type:work
100000012057594
Id:10100902258463628
List_Type:user_created
202909196
202908763
202904796
113812
Id:10100902257171218
List_Type:user_created
100002751710513
100001623323822
100001206914167
100001201909144
100001050829164
100000864888116
100000766972518
100000491360634
1662357038
1329891341
1089303746
703716250
26005663
Id:10100902255983598
List_Type:user_created
100003317112309
100002526381273
100000766972518
100000681608326
100000314297833
1563900200
1234920257
1186322560
1167747945
1152120148
1123170023
1098097711
1089303746
830605323
764099877
723765965
665413070
46701349
30827213
26005663
20723325
20702404
13718370
4936615
4908892
100004272840359
100000023265570
1830670548
1651052316
1416988289
1243714698
1176517650
1152997462
1135093513
1131349324
1087963149
703716250
689290142
650738998
649588054
39803282
Id:10100902255180208
List_Type:user_created
1361182104
1301932452
715147686
65300175
Id:10100879165981148
List_Type:work
Id:10100683491609158
List_Type:user_created
795947589
2850
1464390212
21310538
11300642
515322945
5252200
585956867
5316468
11510176
611430
10234917
18402215
593557344
9128139
608493510
14600607
808714
15403241
7501373
15610153
2402823
5516350
201000003
31710371
14602139
24800011
735948490
803171
166401259
8224664
9901652
681646185
100000759003107
1339710032
1376520023
3700653
599650426
517209181
37400231
Id:10100490548967758
List_Type:user_created
574960590
590610112
113812
502237139
813635467
503897574
553451878
502456637
720500412
61402582
513206358
Id:10100324703238928
List_Type:close_friends
3326660
4939797
1243020506
100001259190802
2731108
40507753
662066539
1341035208
765455042
2907598
2717826
42708924
695066966
19102618
31301287
7821365
3700653
44407407
2709055
1629661317
31114143
513206358
2728915
25511297
2723456
2705244
2710511
2722433
2705053
1398750126
1563900200
1830670548
21500419
2708933
723765965
1089303746
703716250
26005663
2720770
Id:10100393815801798
List_Type:education
502237139
123603
574960590
1009912
115250
617991
1265130138
14312489
813635467
Id:10100355117064378
List_Type:user_created
7605800
5722660
2717984
2717042
1572030057
1571490049
1571460226
1568280255
1398750126
1227211548
799680625
753605005
724141485
615280556
39604005
36604021
25511297
9806241
7610251
7609639
2733753
2717541
1819550
1526441
Id:10100355112628268
List_Type:user_created
38100447
31201187
Id:10100355109464608
List_Type:user_created
100001206914167
100001201909144
100002751710513
100001623323822
100001050829164
100000766972518
100000491360634
1662357038
1563900200
1329891341
1255417469
1089303746
703716250
26005663
Id:10100355109015508
List_Type:user_created
3627048
3422002
2720770
1518483
1518364
Id:10100355108566408
List_Type:user_created
6226394
1520990
7606536
7606044
6224877
6223367
708224
617856
420971
315278
Id:10100355107987568
List_Type:user_created
1572480436
1541046696
1533693688
1524427291
1445880623
1180003689
780017724
768639179
743256176
736903012
604170907
92300162
59300068
33603582
18203484
13301374
2718067
1529491
1502576
513235
421161
Id:10100355107753038
List_Type:user_created
16818579
205300058
168300285
42703707
17210173
215046
Id:10100355106735078
List_Type:user_created
1361182104
1301932452
715147686
65300175
Id:10100325533300478
List_Type:work
1412190840
Id:10100325533280518
List_Type:acquaintances
2719064
1394820179
1426330847
2719251
2733181
1445880623
1098097711
795947589
534517082
22220629
11510176
7606044
6224877
6221363
6220282
4708831
2721696
2721465
2720871
2719243
2717940
2705789
2705442
2703887
19100720
2722166
2721609
2720084
2718977
2717197
2709025
25519452
1515997
1394700009
38103530
1398780630
1427815294
1392660434
1368750510
502237139
42703707
2733753
2706423
1010409
1356823984
7601867
2807967
1516810
2700747
28107606
15612935
31803592
51502045
38100447
31201187
2717566
33604206
1519014
2721936
2700329
14600607
6222727
1105870286
6215101
205300058
68108362
46701349
36500366
33607606
17504207
7606536
7206806
6223849
3700973
2722451
2718067
2717453
2705243
1519039
617856
420971
2734627
201000003
1571460226
100002751710513
100000450478555
100000314297833
1265130138
81901029
46801295
33602519
19503361
13806560
7606042
6226394
6225171
6223466
6222060
3800910
2726020
2723028
2718920
2718734
2708372
2702483
2701767
803171
708224
215046
117447
2717145
1416988289
1361182104
500018576
40506610
38105129
33605412
31211893
25514936
16818579
15610606
13608086
10000383
4802986
2728527
2722434
2720172
2719913
2718173
2706338
2701033
1520174
2718280
100000491360634
1571490049
1403850054
1401810410
874285523
503897574
61402582
59702839
36604021
25524444
22217467
20723325
19224530
12813231
7609737
6238798
5316468
2735934
2723227
2717422
2707569
1529491
115250
11820058
2723899
2723262
2721010
2720737
2720114
2719834
2718406
2717984
2708017
2706503
2705621
2705542
2703450
2702895
100000678118786
1524427291
1515870315
1464390212
1398781528
1339710032
1255417469
1233485428
1155393152
1123170023
781560426
753248728
741922047
681646185
608493510
599650426
590610112
585956867
574960590
566840223
553097094
501659329
202909196
16738666
7817735
7610251
2735112
2732644
2718685
2701668
316581
123603
1772490151
1401660473
1401450057
1398780057
1227720378
1116000577
715938001
710560544
626649918
608513504
550800432
10619503
2734715
2734288
2733224
2732772
2732601
2732436
2732336
2724362
2724167
2724147
2723735
2722371
2721550
2719035
2718200
2717982
2713537
2709884
2709158
2707219
2700202
1453020852
1392450481
1341690108
1225830287
689031362
683859122
682005579
593648986
16918648
12403044
11829344
3500492
2724840
2720838
2720511
2720241
2720128
2718989
2717277
2717214
2701267
2700981
81900958
17825796
7817216
7606625
6222279
1519259
100005291827275
100000012057594
1572480436
1444434860
727567968
709491826
17500757
2729309
2721931
Id:10100324714975408
List_Type:education
502456637
502237139
513206358
504192413
553451878
617991
781560426
574960590
2807967
115250
1265130138
113682
113604
813635467
14312489
1009912
Id:10100324711158058
List_Type:work
65300175
Id:10100324710549278
List_Type:education
51502045
68110868
7606625
17825796
15611074
7817216
31804644
723765965
19503361
6224915
4708831
40507621
31207494
1519014
1563900063
6222279
2723444
6225171
81900958
1519259
Id:10100324703263878
List_Type:current_city
429561
1516006
1519259
2700981
2701267
2702057
2705053
2706833
2708933
2709055
2717214
2717277
2718351
2718989
2720128
2720170
2720511
2720770
2720838
2721696
2721931
2724840
2728915
2729309
2907598
3326660
3500492
7601126
7821365
9901269
11816013
11829344
14315989
15609780
16918648
18204960
19002232
19102618
21500419
25008057
29500202
31301287
40501768
52000425
138400178
179201488
510476713
551787128
635111362
682005579
683859122
689031362
695066966
709491826
765455042
789204475
1106452710
1166336164
1225830287
1243020506
1273620846
1341035208
1356823984
1368750510
1391190068
1392450481
1427815294
1453020852
1572451057
1643656265
100000741846725
100004131611828
100008343420563
1629661317
31114143
1500382
12403044
4939797
2720241
Id:10100324703258888
List_Type:education
1500382
522127107
2724147
2724840
2719834
727567968
1401660473
683859122
2703450
2700580
1401450057
2735112
2720737
2704053
2720001
1392510244
1398660008
25013379
1392540080
550800432
2705542
608513504
2700202
2732336
2724362
2706503
2734288
2718430
2710511
710560544
2718880
Id:10100324703253898
List_Type:work
1401810410
2709055
11816013
2720770
44407407
1500382
4802986
3800910
7821365
727567968
2703338
2731481
1519259
179201488
31301287
1629661317
42708924
2721931
709491826
14205661
Id:10100324703248908
List_Type:family
Id:10100310334568858
List_Type:user_created
186400452
2708933
1569180308
4939797
2710511
2705053
Id:10100310332068868
List_Type:user_created
1629661317
179201488
2721931
4802986
689031362
7601126
12403044
2728915
709491826
2720170
42708924
2717214
3500492
21500419
11820058
17504207
1273620846
14205661
19102618
19002232
4800063
Id:10100310329229558
List_Type:user_created
1392330067
2702216
1116000577
2702895
2708441
2728527
1088280421
2723735
1392720058
1403130012
2709884
1227720378
2711390
2703451
1229100398
510476713
693728906
2701767
727567968
1341690108
1358280299
2732601
1398750126
2718977
1048858126
12600066
10619503
2709158
1392450481
1392660434
2700464
2702483
1392661722
661762704
40507753
2708572
1401570024
683859122
1392660381
2706503
1398780057
550800432
1398781528
1358280526
715938001
2720477
553097094
1401450057
2705621
2700683
608513504
2701033
710560544
2722277
2707219
2732436
2732336
2724362
2707569
2732644
626649918
2705243
586158523
2700202
1392660429
2705542
2718430
2731108
2718685
2705053
2720241
2718338
2723227
2718989
2711990
2717826
2718880
2705496
2733224
2710511
2723456
2722433
Id:10100310326460108
List_Type:user_created
5704996
577294134
1155393152
1563900052
25519452
33613788
46801295
31201187
33602519
6235738
6237220
7605818
6205674
7817735
38105129
18105597
25524019
31211893
7206806
1528726
51502045
6206042
8829460
7605847
25513078
15610606
15601128
33604206
6221363
7606625
31804644
7607786
6219557
135600262
15611074
7817216
15612232
506868973
17825796
33607075
6215101
6224260
38103489
1114177500
7032393
6222727
15803629
4708831
17823036
13925779
828293
6224915
33607536
31804236
2723444
7817193
81900958
1519014
40507621
1520174
31207494
31207547
1519891
1563900063
4710762
7817055
1519259
6225171
33607317
15610903
6220282
40506610
25512939
81901029
1519039
6238798
7816648
26003681
26003221
22216154
33607606
68108362
874285523
33605721
25513559
38103530
6222279
13806560
19503361
7814926
7817147
1563900092
68110868
Id:10100310322797448
List_Type:user_created
703716250
100001623323822
1089303746
100001201909144
100000491360634
1662357038
100002751710513
100001050829164
1255417469
26005663
100001206914167
100000766972518
1329891341
Id:582976069148
List_Type:user_created
1365761241
1152120148
1131349324
1651052316
1243714698
100000681608326
649588054
100002526381273
100000314297833
703716250
665413070
100000023265570
1830670548
1087963149
689290142
1416988289
4936615
830605323
1186322560
30827213
723765965
1563900200
1152997462
1176517650
1135093513
1089303746
20702404
20723325
13718370
1167747945
650738998
1098097711
46701349
39803282
4908892
26005663
Id:582976049188
List_Type:user_created
604170907
1541046696
1180003689
1524427291
1533693688
780017724
743256176
736903012
Id:582976009268
List_Type:user_created
715147686
1301932452
Id:556064989168
List_Type:user_created
743256176
736903012
