ID:790643074291233
Owner:143483439014410
Privacy:OPEN
RSVP Status:null
Start Time:Thu Sep 18 15:30:00 EDT 2014
End Time:Thu Sep 18 16:45:00 EDT 2014
Attendees:
100003810253146
100003072272541
100002530170003
100001981492993
100000291832352
1831255187
735818423
655946639
578662834
Maybes:
Declines:
708705302
No Replies:
1830533715
1531609000
ID:207847166089659
Owner:1454123468133011
Privacy:OPEN
RSVP Status:null
Start Time:Tue Feb 18 00:00:00 EST 2014
End Time:Tue Feb 18 20:00:00 EST 2014
Attendees:
100003805605892
100003072272541
100002813248009
100002254205112
100002206457204
100001730434942
100001254993944
100000393235051
100000027039592
1733040174
1485991398
1448679928
1416004892
1392660703
1383508145
1048765241
1023504411
821508970
735818423
700749176
666976718
655946639
607068427
592711157
577351479
553223202
541287318
Maybes:
100001525510160
Declines:
100003341225253
100002969861194
1599176686
1439864227
1049993330
815260111
591134227
534845217
504041569
No Replies:
1787295653
1734510749
1656362909
1643808390
1531609000
1108984292
1021893326
729972537
724609619
708705302
693043527
100006641705075
100006574714047
100006429502473
ID:1416622871917487
Owner:100000393235051
Privacy:null
RSVP Status:null
Start Time:Tue Feb 04 10:00:00 EST 2014
End Time:Tue Feb 04 21:00:00 EST 2014
Attendees:
100000393235051
1448679928
700749176
553223202
541287318
Maybes:
Declines:
534845217
No Replies:
100004558176914
100003072272541
100002813248009
100002213994366
100001730434942
100001254993944
1485991398
1416004892
1383508145
1175834148
1075536777
666976718
655946639
653217732
611738537
607068427
592711157
ID:495293553847954
Owner:107589682641897
Privacy:OPEN
RSVP Status:null
Start Time:Thu Apr 18 18:00:00 EDT 2013
End Time:Thu Apr 18 19:30:00 EDT 2013
Attendees:
1643808390
639537370
Maybes:
1668696760
Declines:
1392660703
No Replies:
100000104637237
1392450817
1320559706
1221707223
1184587330
1149833760
1108984292
708705302
700749176
693043527
666976718
607068427
ID:575975885769214
Owner:100000741846725
Privacy:OPEN
RSVP Status:null
Start Time:Thu Apr 11 19:00:00 EDT 2013
End Time:N/A
Attendees:
100004208350542
100004074050850
100002875864132
100002673270622
100002206457204
100001500729894
1792968554
1437475859
711920985
Maybes:
100002826047894
100001371867262
100000012057594
1485991398
1210890499
607068427
Declines:
1839181334
1401660517
1392660703
655946639
611738537
575031651
534845217
No Replies:
100004231780979
100004226044367
100004223793858
100004216749497
100004199675163
100003946684708
100003940608137
100003801843313
100003696639486
100003072272541
100003008619094
100002935867470
100002889849078
100002823676753
100002813248009
100002731100740
100002572562137
100002336824694
100002255751827
100002254205112
100002248192513
100002216405173
100002213994366
100002209942621
100002078982336
100001730434942
100001632400257
100001613980939
100001544745991
100001519775694
100001501115841
100001473650674
100001416611140
100001415318950
100001254993944
100001043113693
100000835751655
100000775116825
100000738895780
100000702476146
100000683430750
100000570340742
100000424850717
100000402959116
100000232270132
100000218505952
100000211853289
100000190660453
100000116226415
100000104637237
100000061658857
1831255187
1830533715
1808201583
1787295653
1733040174
1722822412
1685779096
1668696760
1649544143
1644950206
1643808390
1599176686
1537028251
1507663481
1506555213
1492995610
1475325803
1471633854
1464053792
1448392538
1440733519
1439864227
1439425844
1420572821
1416006444
1411980942
1410729004
1397468055
1394738016
1392450817
1390726613
1388709487
1383508145
1376022241
1361470131
1345759890
1336783935
1322662778
1320559706
1295463372
1288868397
1284523141
1272997150
1247070546
1221707223
1194549312
1182031245
1149833760
1100749983
1086231129
1062881670
1048765241
1041636098
1023504411
1021893326
821508970
815260111
813869792
791910073
750694810
735818423
729972537
727873351
724609619
715015226
708705302
700749176
693043527
678181643
653217732
637202305
625518790
620153411
614766712
612817624
606941269
592711157
578662834
563981371
561645150
553223202
553065958
527332426
514564198
2735927
2720394
2700204
ID:438396546250332
Owner:100001500729894
Privacy:FRIENDS
RSVP Status:null
Start Time:Thu Apr 04 19:00:00 EDT 2013
End Time:N/A
Attendees:
100001500729894
100003072272541
100002673270622
100002206457204
100001632400257
1792968554
1437475859
711920985
655946639
592711157
Maybes:
100004223793858
100002875864132
100001371867262
708705302
700749176
Declines:
100000291832352
1643808390
1537028251
637202305
No Replies:
100004231780979
100004216749497
100004208350542
100004199675163
100004074050850
100003940608137
100003801843313
100003696639486
100003196249394
100002935867470
100002869416332
100002826047894
100002813248009
100002779422548
100002731100740
100002618950941
100002572562137
100002358844423
100002336824694
100002255751827
100002254205112
100002248192513
100002216405173
100002213994366
100002209942621
100001730434942
100001613980939
100001544745991
100001519775694
100001501115841
100001473650674
100001432524423
100001043113693
100000775116825
100000738895780
100000702476146
100000683430750
100000570340742
100000255501074
100000211853289
100000104637237
100000061658857
100000012057594
1839181334
1831255187
1830533715
1787295653
1733040174
1722822412
1668696760
1599176686
1471633854
1464053792
1448392538
1440733519
1439864227
1416006444
1409948354
1401660517
1397468055
1394738016
1394670159
1392660703
1392450817
1383508145
1376022241
1361470131
1345759890
1322662778
1320559706
1288868397
1285951955
1284523141
1247070546
1221707223
1210890499
1182031245
1167778059
1062881670
1049993330
894190402
815260111
813869792
791910073
750694810
744793858
735818423
729972537
727873351
715015226
679353524
678181643
653217732
644112427
617866910
607068427
606941269
591134227
583847840
561645150
553223202
527332426
521307013
2735927
ID:493013617407539
Owner:1787295653
Privacy:OPEN
RSVP Status:null
Start Time:Sat Feb 09 15:00:00 EST 2013
End Time:Sat Feb 09 18:00:00 EST 2013
Attendees:
1787295653
100004485481174
100004231780979
100004226044367
100004223793858
100004216749497
100004208350542
100004199675163
100004191881060
100004074050850
100003013990799
100002823676753
100002813248009
100002779422548
100002673270622
100002618950941
100002572562137
100002336824694
100002255751827
100002254205112
100002248192513
100002216405173
100002209942621
100002206457204
100001632400257
100001500729894
100001043113693
100000775116825
100000738895780
100000291832352
100000211853289
100000190660453
100000116226415
100000012057594
1792968554
1734510749
1722822412
1668696760
1537028251
1475325803
1448392538
1437475859
1409948354
1401660517
1257008351
1210890499
1182031245
1149833760
752401870
715015226
682156522
679353524
655946639
592711157
583847840
Maybes:
100003709820448
100002875864132
100001519775694
1424402555
1336783935
1322662778
1221707223
1023504411
700749176
593184586
500491060
Declines:
100000104637237
1733040174
1209640063
711965042
563981371
No Replies:
100004104371943
100004052469436
100003948532059
100003696639486
100002935867470
100002826047894
100002731100740
100002358844423
100002213994366
100001613980939
100001473650674
100001432524423
100001416611140
100001415318950
100001241042970
100000835751655
100000705855150
100000702476146
100000683430750
100000570340742
100000424850717
100000402959116
100000232270132
100000061658857
1830533715
1808201583
1685779096
1660172610
1644950206
1599176686
1507663481
1506402903
1492995610
1471633854
1464053792
1439425844
1420572821
1416006444
1397468055
1394738016
1390726613
1376022241
1345759890
1288868397
1285951955
1284523141
1272997150
1247070546
1221807318
1204381311
1184587330
1108984292
1100749983
1079171732
1062881670
1042833648
1041636098
1031417174
886955634
791910073
750694810
749339736
744793858
724609619
711920985
708705302
670661193
656813701
614766712
606941269
574213488
561645150
553065958
540212915
514564198
2720394
ID:104101409747969
Owner:100002673270622
Privacy:OPEN
RSVP Status:null
Start Time:Mon Oct 15 19:30:00 EDT 2012
End Time:Mon Oct 15 21:00:00 EDT 2012
Attendees:
100002673270622
100004485481174
100004074050850
100003801843313
100002935867470
100002254205112
100002248192513
100002213994366
100002206457204
100001632400257
100001500729894
100000064192671
1830533715
1792968554
1733040174
1437475859
1062881670
711920985
655946639
Maybes:
100002875864132
1221707223
708705302
700749176
575031651
504041569
Declines:
1722822412
1506555213
1439864227
829326037
637202305
534845217
No Replies:
100004208350542
100003946684708
100003940608137
100003696639486
100003072272541
100003008619094
100002826047894
100002823676753
100002813248009
100002731100740
100002336824694
100002255751827
100002209942621
100001730434942
100001613980939
100001519775694
100001415318950
100001412544293
100001254993944
100001043113693
100000835751655
100000775116825
100000738895780
100000702476146
100000683430750
100000570340742
100000424850717
100000402959116
100000232270132
100000218505952
100000211853289
100000190660453
100000116226415
100000061658857
100000027039592
100000012057594
1839181334
1831255187
1808201583
1685779096
1649544143
1599176686
1485991398
1471633854
1464053792
1448392538
1440733519
1420572821
1416006444
1402320267
1397468055
1394738016
1394670159
1392660703
1390726613
1388709487
1383508145
1361470131
1345759890
1336783935
1322662778
1320559706
1288868397
1285951955
1284523141
1272997150
1247070546
1209640063
1184587330
1182031245
1175834148
1149833760
1086231129
1075536777
1048765241
1041636098
1034343768
894190402
853689104
821508970
791910073
750694810
749339736
744793858
735818423
729972537
727873351
724609619
715015226
693043527
682156522
679353524
678181643
672260125
666976718
653217732
646885269
625518790
620153411
617866910
612817624
611738537
607068427
606941269
578662834
561645150
553223202
553065958
527332426
514564198
2720394
2700204
ID:425188627530165
Owner:1383508145
Privacy:FRIENDS
RSVP Status:null
Start Time:Mon Oct 15 00:00:00 EDT 2012
End Time:N/A
Attendees:
1383508145
100001730434942
1361470131
607068427
592711157
Maybes:
Declines:
637202305
No Replies:
100002813248009
100002213994366
100002206457204
100001254993944
100000393235051
100000027039592
1485991398
1440733519
1388709487
1284523141
1175834148
1075536777
821508970
735818423
678181643
666976718
653217732
620153411
617866910
611738537
553223202
534845217
527332426
ID:115244261957540
Owner:1401870222
Privacy:FRIENDS
RSVP Status:null
Start Time:Fri Sep 21 19:00:00 EDT 2012
End Time:N/A
Attendees:
100002875864132
1049993330
700749176
504041569
Maybes:
1475325803
Declines:
No Replies:
100000570340742
821508970
729972537
711965042
666976718
541287318
ID:359136377443071
Owner:267883773652
Privacy:OPEN
RSVP Status:null
Start Time:Tue Mar 20 18:00:00 EDT 2012
End Time:Thu Mar 22 20:00:00 EDT 2012
Attendees:
1182031245
578662834
Maybes:
815260111
Declines:
No Replies:
100002826047894
100002206457204
1402230618
1361470131
1284523141
1049993330
1023504411
1021893326
729972537
700749176
687379038
672260125
646885269
592711157
521307013
ID:342453529128031
Owner:711920985
Privacy:OPEN
RSVP Status:null
Start Time:Thu Feb 16 19:30:00 EST 2012
End Time:Thu Feb 16 20:30:00 EST 2012
Attendees:
100001500729894
1437475859
791910073
711920985
Maybes:
100000683430750
1288868397
Declines:
No Replies:
100002813248009
100002213994366
100000570340742
1492995610
1448392538
1439425844
1416006444
1391041024
1390726613
1345759890
1284523141
1041636098
729972537
708705302
655946639
561645150
541287318
514564198
2720394
2705836
1376022241
ID:267407346663808
Owner:267883773652
Privacy:OPEN
RSVP Status:null
Start Time:Tue Feb 14 17:00:00 EST 2012
End Time:Thu Feb 16 19:00:00 EST 2012
Attendees:
100001371867262
100000738895780
100000111932244
1182031245
1108984292
679353524
655946639
607068427
578662834
Maybes:
1320559706
1221707223
Declines:
1506555213
1023504411
829326037
700749176
672260125
644112427
No Replies:
100002826047894
100002206457204
1475325803
1440733519
1402230618
1394670159
1392450817
1383508145
1361470131
1336783935
1284523141
1210890499
1049993330
1034343768
ID:351461011549015
Owner:54140856804
Privacy:OPEN
RSVP Status:null
Start Time:Wed Feb 08 10:00:00 EST 2012
End Time:Wed Feb 08 14:00:00 EST 2012
Attendees:
100001500729894
Maybes:
Declines:
No Replies:
100000064192671
1411980942
ID:298173630239721
Owner:666976718
Privacy:OPEN
RSVP Status:null
Start Time:Sat Feb 04 20:00:00 EST 2012
End Time:Sat Feb 04 23:00:00 EST 2012
Attendees:
100000027039592
1537028251
1485991398
1388709487
1383508145
821508970
678181643
666976718
620153411
611738537
607068427
553223202
534845217
527332426
Maybes:
100002254205112
Declines:
1733040174
1247070546
672260125
540212915
No Replies:
100003169748057
100003160576033
100003059247047
100002935867470
100002813248009
100002358844423
100001730434942
100001613980939
100001589408700
100001432524423
100001254993944
100001241042970
100001098783079
100000702476146
100000402959116
100000012057594
1722822412
1599176686
1448392538
1440733519
1416006444
1397468055
1322662778
1221707223
1175834148
1075536777
1049993330
1041636098
1021893326
894190402
744793858
735818423
670661193
653217732
637202305
625979119
617866910
553065958
521307013
2705836
ID:282864401771966
Owner:N/A
Privacy:OPEN
RSVP Status:null
Start Time:Sat Jan 28 18:00:00 EST 2012
End Time:Sat Jan 28 21:00:00 EST 2012
Attendees:
100002254205112
1392450817
1175834148
724609619
679353524
607068427
Maybes:
100000012057594
1108984292
563981371
Declines:
1149833760
672260125
592711157
No Replies:
100003072272541
100002813248009
100002358844423
100002209942621
100001519775694
100000738895780
100000116226415
1830533715
1722822412
1685779096
1668696760
1599176686
1402320267
1398782321
1394670159
1392660703
1376022241
1345759890
1295463372
1288868397
1221707223
1210890499
1182031245
886955634
815260111
727873351
715015226
711965042
625518790
614766712
606941269
578662834
514564198
500491060
ID:245786182161806
Owner:267883773652
Privacy:OPEN
RSVP Status:null
Start Time:Wed Jan 18 18:00:00 EST 2012
End Time:Fri Jan 20 19:00:00 EST 2012
Attendees:
1402230618
612817624
607068427
578662834
Maybes:
Declines:
100000111932244
1475325803
No Replies:
1830533715
1394670159
1361470131
1062881670
1023504411
815260111
813869792
729972537
708705302
687379038
592711157
ID:243426022388603
Owner:33762342408
Privacy:OPEN
RSVP Status:null
Start Time:Tue Jan 10 00:00:00 EST 2012
End Time:Mon Jan 30 23:30:00 EST 2012
Attendees:
729972537
Maybes:
563981371
Declines:
No Replies:
1398540323
653217732
578662834
ID:300561646630358
Owner:708705302
Privacy:OPEN
RSVP Status:null
Start Time:Thu Nov 17 18:30:00 EST 2011
End Time:Thu Nov 17 19:30:00 EST 2011
Attendees:
100002935867470
100002673270622
100002336824694
100002254205112
100001500729894
100001043113693
100000570340742
1492995610
1345759890
1221707223
1041636098
791910073
744793858
715015226
711920985
708705302
Maybes:
100002255751827
100000012057594
541287318
Declines:
1839181334
No Replies:
100002826047894
100002731100740
100002572562137
100002358844423
100002213994366
100002209942621
100000835751655
100000738895780
1808201583
1685779096
1668696760
1644950206
1599176686
1448392538
1420572821
1397468055
1391041024
1376022241
1322662778
1285951955
1284523141
1272997150
1209640063
1184587330
1079171732
729972537
670661193
614766712
561645150
553065958
540212915
514564198
504041569
2705836
ID:133913916714625
Owner:148714060068
Privacy:OPEN
RSVP Status:null
Start Time:Wed Nov 02 10:00:00 EDT 2011
End Time:Wed Nov 23 21:00:00 EST 2011
Attendees:
Maybes:
Declines:
No Replies:
ID:181236801943499
Owner:107589682641897
Privacy:OPEN
RSVP Status:null
Start Time:Mon Oct 17 19:00:00 EDT 2011
End Time:Mon Oct 17 20:00:00 EDT 2011
Attendees:
1209640063
1048765241
Maybes:
100000402959116
100000068161697
563981371
Declines:
No Replies:
1392660703
1392450817
1288868397
1272997150
1034343768
729972537
606941269
500491060
ID:264944513536005
Owner:100001613980939
Privacy:OPEN
RSVP Status:null
Start Time:Sun Sep 25 18:30:00 EDT 2011
End Time:Sun Sep 25 21:00:00 EDT 2011
Attendees:
100002823676753
100002254205112
100002213994366
100002206457204
100001613980939
100001500729894
1733040174
1537028251
1437475859
1410729004
1394670159
1247070546
791910073
715015226
655946639
540212915
Maybes:
100002673270622
100000012057594
1839181334
1830533715
1685779096
1599176686
1439425844
1221707223
708705302
563981371
Declines:
100001519775694
1475325803
No Replies:
100002935867470
100002826047894
100002813248009
100002731100740
100000835751655
100000570340742
100000424850717
100000402959116
100000232270132
100000218505952
100000211853289
100000190660453
100000116226415
1831255187
1808201583
1668696760
1644950206
1420572821
1397468055
1394738016
1345759890
1322662778
1295463372
1288868397
1285951955
1284523141
1272997150
1204381311
750694810
749339736
711965042
682156522
593184586
583847840
2720394
100002255751827
100002248192513
100002209942621
100001473650674
100001415318950
100001371867262
100001241042970
100001043113693
1507663481
1471633854
1448392538
1079171732
1042833648
1041636098
1031417174
886955634
ID:215266838537360
Owner:620153411
Privacy:SECRET
RSVP Status:null
Start Time:Thu Sep 22 23:30:00 EDT 2011
End Time:Fri Sep 23 02:30:00 EDT 2011
Attendees:
100002813248009
100001254993944
100000027039592
1485991398
1440733519
1388709487
1383508145
1075536777
821508970
678181643
653217732
620153411
611738537
553223202
Maybes:
Declines:
No Replies:
100001730434942
1175834148
666976718
617866910
ID:155418784546881
Owner:791910073
Privacy:OPEN
RSVP Status:null
Start Time:Sat Sep 17 18:00:00 EDT 2011
End Time:Sat Sep 17 21:00:00 EDT 2011
Attendees:
100002673270622
100002254205112
100001500729894
100000012057594
1722822412
1416006444
1221707223
791910073
670661193
Maybes:
563981371
Declines:
No Replies:
ID:113558788749201
Owner:N/A
Privacy:SECRET
RSVP Status:null
Start Time:Mon Sep 12 22:00:00 EDT 2011
End Time:Mon Sep 12 23:00:00 EDT 2011
Attendees:
100002813248009
100001254993944
100000027039592
1485991398
1388709487
1383508145
1075536777
821508970
678181643
611738537
607068427
534845217
527332426
Maybes:
620153411
Declines:
No Replies:
100001730434942
1440733519
1175834148
735818423
666976718
653217732
617866910
ID:257756987587010
Owner:N/A
Privacy:OPEN
RSVP Status:null
Start Time:Fri Aug 26 18:30:00 EDT 2011
End Time:Fri Aug 26 21:00:00 EDT 2011
Attendees:
100002813248009
100002673270622
100002572562137
100002358844423
100002336824694
100002254205112
100002213994366
100002206457204
100001500729894
100001415318950
100000116226415
1839181334
1644950206
1599176686
1284523141
1272997150
1247070546
1221707223
715015226
655946639
Maybes:
100002248192513
1733040174
886955634
540212915
Declines:
No Replies:
100002731100740
100002209942621
1336783935
ID:124121517672371
Owner:1479030219
Privacy:OPEN
RSVP Status:null
Start Time:Mon Aug 22 23:30:00 EDT 2011
End Time:Sat Aug 27 23:30:00 EDT 2011
Attendees:
100002840467791
100002673270622
100002572562137
100002358844423
100002254205112
100002213994366
100002206457204
100001519775694
100001500729894
100001254993944
100000738895780
100000570340742
100000393235051
100000064192671
100000027039592
1615352827
1506555213
1485991398
1440733519
Maybes:
Declines:
No Replies:
1398782321
735818423
700749176
514564198
