Time: 2014-9-11 23:28:29 Login Creator
Time: 2014-9-18 20:19:27 Login Creator
Time: 2014-9-18 20:19:54 List Name: Terry Sanford
Create List
Time: 2014-9-18 20:30:53 List Name: Terry Sanford High
Add 100000220090532, 1490458544, 1659973886, 1061870397, 100001383963649, 1511546984, 100004250943408, 1731943252, 100000839883932, 1073455405, 100005953116656, 1009261433, 100003217623086, 100000805234131, 631068706, 100000299623661, 100003470116204, 794111066, 100000466186782, 624037801, 100001931248268, 1381786262, 604421041, 1116336702, 100000598194313, 100004387140039, 100000772519990, 100002370636465, 1111077433, 100000928365192, 1579746322, 100000003009300, 1498221130, 554631228, 100000869062687, 100000170373154, 818483776, 1300895111, 1695284589, 100001666869583, 1815099882, 100000988279494, 100000237783114, 1824740696, 100000160593171, 100005484644132, 1366055792, 1582217372, 100000446417134, 100008050563199, 100000355428247, 100000480278657, 811929336, 1758420613, 100000120362479, 1182024493, 1447811838, 100000084741411, 100003014048727, 100000127216585, 100001089541228, 100002329641535, 100000461266778, 100002229978652, 100000481474049, 1214281924, 100001622403171, 1283667174, 1560061634, 1603208267, 100001381405617, 1847430354, 100001805839160, 100000019131811, 1659995243, 100004733712072, 1441082927, 686657958, 100001865535046, 1121206440, 100000158455730, 100001252330525, 100000812938816, 1037597821, 100001218889527, 1615380451, 100000125860906, 100008202047387, 100002531516782, 100001131886959, 100001525783684, 100000030578376, 100003865426666, 100001848478873, 1428872873, 100000702597368, 1756309120, 100000056205636, 100001796347876, 100005044111483, 1644886960, 618459717, 1848556426, 1342397725, 100001157617120, 769302805, 100001304934175
Time: 2014-9-18 20:31:43 List Name: Terry Sanford High
Finish and Publish 100000220090532,1490458544,1659973886,1061870397,100001383963649,1511546984,100004250943408,1731943252,100000839883932,1073455405,100005953116656,1009261433,100003217623086,100000805234131,631068706,100000299623661,100003470116204,794111066,100000466186782,624037801,100001931248268,1381786262,604421041,1116336702,100000598194313,100004387140039,100000772519990,100002370636465,1111077433,100000928365192,1579746322,100000003009300,1498221130,554631228,100000869062687,100000170373154,818483776,1300895111,1695284589,100001666869583,1815099882,100000988279494,100000237783114,1824740696,100000160593171,100005484644132,1366055792,1582217372,100000446417134,100008050563199,100000355428247,100000480278657,811929336,1758420613,100000120362479,1182024493,1447811838,100000084741411,100003014048727,100000127216585,100001089541228,100002329641535,100000461266778,100002229978652,100000481474049,1214281924,100001622403171,1283667174,1560061634,1603208267,100001381405617,1847430354,100001805839160,100000019131811,1659995243,100004733712072,1441082927,686657958,100001865535046,1121206440,100000158455730,100001252330525,100000812938816,1037597821,100001218889527,1615380451,100000125860906,100008202047387,100002531516782,100001131886959,100001525783684,100000030578376,100003865426666,100001848478873,1428872873,100000702597368,1756309120,100000056205636,100001796347876,100005044111483,1644886960,618459717,1848556426,1342397725,100001157617120,769302805,100001304934175
Time: 2014-9-18 20:31:52 List Name: AFROTC
Create List
Time: 2014-9-18 20:38:23 List Name: AFROTC
Add 100002853857646, 100006558427060, 100001552731086, 1250097197, 100004246980031, 100000064967798, 1698864384, 1525395374, 100000636961131, 100000270773569, 100007749161025, 100001652409854, 100005146980755, 1237491681, 100000598519830, 100004017126383, 811929336, 100000127216585, 100001448412762, 1200135840, 100000073965435, 1541912236, 663457663, 100001983687906, 100001247926336, 1264736113, 1847714946, 1266336586, 726013088, 100000045207855, 100000100695341, 1330462999, 1641437342, 1183318107, 100000532471065, 520117364, 1279360278
Time: 2014-9-18 20:38:27 List Name: AFROTC
Finish and Publish 100002853857646,100006558427060,100001552731086,1250097197,100004246980031,100000064967798,1698864384,1525395374,100000636961131,100000270773569,100007749161025,100001652409854,100005146980755,1237491681,100000598519830,100004017126383,811929336,100000127216585,100001448412762,1200135840,100000073965435,1541912236,663457663,100001983687906,100001247926336,1264736113,1847714946,1266336586,726013088,100000045207855,100000100695341,1330462999,1641437342,1183318107,100000532471065,520117364,1279360278
