Id:951032011587129
Privacy:CLOSED
100002437465375
Id:708451912503903
Privacy:CLOSED
1532383941
100000397372319
100002437465375
1290919312
100007866018848
1680984241
1004035202
100001263071312
600499852
1354699762
100000122362747
100002565196550
100001978191665
100001223216294
1782216718
575228817
100001370360619
100000551201194
1805453154
1446802758
100002673270622
100001621699472
525795780
1037520024
100003557554276
619065976
100002073637861
1206443353
1488177760
1390426461
1088280399
1073600136
557436098
1506259596
1519847614
1447475735
1001305801
100000786210006
1818411714
697746312
1249487435
1320740603
793065647
519608514
100004564152587
100004013384517
100004361287868
100000382844056
1639087042
723298017
763293053
832490144
1398782342
1450233739
530626266
1391190071
646401053
614488437
554598428
524471452
1226612454
Id:144218095668753
Privacy:OPEN
604385804
1841423642
1633285044
100005925016079
679184121
1306258468
100000421822416
1812376956
100003042643410
100001055155043
1588246740
100000038906860
1624317378
622723145
103700003
1770978825
100008996437953
532397081
100000265003602
1661783503
1787013435
1726980547
1640208750
100000036492392
100000410060771
100004086493152
100001345385297
1828247637
100000008685676
100006875736643
1555159908
654766590
100001427082628
1792727369
1174023536
100000403853662
100000210705828
100000397372319
578352905
100001223752500
1362595298
1557378136
1794127873
1271264457
100000425026928
1538967221
100000019589515
618990986
1353241784
1520888441
100002437465375
100003906538492
1378396593
660689329
100000026970050
1364972085
100000696008487
100001451083020
1515061177
100000542528041
1506259596
1704211050
100006422793684
100003489289330
2703825
100004323182839
100002502580136
1788562675
738194459
1391041015
500807917
100006536866948
579000057
651691638
730498447
100002845750073
612185615
1076965347
100002259640668
1548485030
1521013933
100004717126834
827189443
1521137711
1547523122
1134545087
100001667226437
1639286538
1807022398
100000610160890
1417101759
1359062764
100008242387829
1538985347
1457176726
100007866018848
667209119
100006106037272
1648898067
100000758957246
100004533048557
1443003973
1733484083
100001375881989
1440151937
619065976
100001714951281
1459120620
100001114662616
100000098341784
100006505981684
100000697577194
100004449484133
1607203920
100000068148769
1829428358
100000068488239
100000050838220
100000217165861
100001425772799
100000075896918
100000381855107
1300372833
100001394811950
100003885922370
100001553974932
794747728
1322862963
1154711652
527330119
100000154167180
1174902930
100007574410003
100000369121700
100004070288768
100001510790848
697075645
1715664241
100000426673072
618221457
1484648625
662054506
1691430018
1570853779
1323290242
754523495
100000118830184
100004034324901
1359303012
1553175847
100001944632049
100001442860436
1604492885
1479527471
1673185138
100001263071312
1243157055
1061538463
100000175596935
100000617371988
100004381084391
100001199407691
100001224221242
100003086361997
1386295920
1355590713
100004208350542
100000088314853
1275580798
1840304952
599025417
100001240800537
100000849544278
100005091662107
100003794450932
100000813931073
1680191954
100008365216853
100001618449823
100000182447867
1004035202
100001370360619
100002088032691
100001153191163
100000003325691
100006011355141
100000796175019
100007585630498
100007035037742
1152632383
1289666732
100001527428980
100001978191665
100006215863249
100001032861415
100001903613629
100001063264564
1372111455
1492190590
100001869371733
100000311371980
758426378
100000665316281
1354699762
100001274936168
1601995415
517784873
690637583
100001775021159
1555436578
100001909942353
100000671437702
100000761768199
585546530
1142513413
100008265331004
100002857582551
100000087790752
542567829
100002709021673
100001220613735
1066830102
100005707027100
100000425959807
100001420976669
1356016455
592743696
1492969300
100001558010572
100000481642861
1205613506
590856720
1015766626
100002231641132
1110997108
100002955952632
100000740538866
1123461009
100005815422416
1821010695
100006853116941
100002206457204
539671802
100001777874484
899300264
788614799
548063087
100000052195647
1022392368
538715166
100000069857801
520490002
521178656
1524096934
100001078021190
1388658019
100000280266483
759758922
1462182133
100000530631712
100000051700465
1274248183
781012165
100001272557151
1436533383
100000266593752
1662845326
100000054663161
100001111391328
1521840490
1581261673
1504250803
1167675641
1331778524
100001000780434
100001034111399
100002659826597
100000825741806
503968864
100000146203573
755571312
505270820
744178745
100002073637861
100006564070659
1579003212
701282587
627037245
1279035376
1042673312
1845976232
100004005712291
100000132545430
1250806034
1227723389
1334266560
623385948
1478138860
1088280399
572408799
100000075210537
737505634
100000141984158
8609057
1398782635
591206663
100003032738349
651057685
546563791
100007636623651
708206161
1323550183
100000307841479
517475749
1417152507
1313306500
1431487417
100004762483683
1171445830
1850135708
807870472
1246177208
1223310211
1175055355
1374361095
100001657313727
100000483958364
100007296125553
1801735695
621083636
1050886632
1391040253
657138372
100001078179178
1367734457
1398780213
100000643202233
100000930226812
100006156995482
100000480557234
1491085173
1364675694
1351994030
100000932554865
100001016340661
1403250064
587194044
516696248
22224314
1393531375
100003490861989
1644777615
1249487435
100004595196466
573192012
1805736657
100000413544027
590713367
1396251468
100000955123468
100000154444051
1034007290
736467865
733415329
1370662474
1361254351
1525110216
1345800309
1083784956
100002080788601
1206976543
100002743672139
100000061647098
1412852139
1078674329
1260266390
709830598
100000150486908
100003063849345
1073148550
1391190640
100000295927701
1101516153
1633265703
1128431650
1409330156
697746312
100004013384517
100000201671844
1207920043
100005585643538
100001176423935
100000366055436
100000131246637
1392750629
1038892563
100002571185926
100000109635391
742771238
683515211
579796928
1500526719
1394550189
100001862112848
100004996202756
100001569452881
606257004
1449653116
1227570668
305000050
902795502
1312794441
100002322762654
649457151
2731327
100000179370218
1337499503
1073641139
100006543454063
1238054441
1693400808
1061927560
1477804574
1450233739
100000236917687
100001343952146
100000040393919
1410272042
1026251585
100000077941967
519608514
100000124921290
554598428
585521640
100003341199908
100003215039025
100000010467206
100000096912074
100006239885650
500497087
579423895
1236772537
1337010197
1237884028
100002489504140
610527268
1224994546
1081789155
100001920887411
100001511391910
1484856859
1639087042
1782216718
100000085724592
100003161993484
100000380837908
1089241012
1341980374
100002458935698
100002043071590
697082312
1487744334
1446802758
524471452
100000003130448
100000027291895
100003978904688
100000143732876
547896203
557436098
1061191260
1740340452
595346268
628886214
1224950644
1490897683
1318193467
1178238698
100000014174391
1587007927
100000346471621
1420000927
1485525784
507937677
100001863985775
1102901457
1388163095
100000686981769
1170286112
661965935
1038934051
1254127540
1395870234
1813317578
1207716453
1533962725
100000826614057
1316145812
1501624878
1806917047
1371565907
1571051704
100000345323158
100002501222661
40511427
100003212874496
1136388792
1185337105
100005844213068
1336325213
1381328566
604387728
22416521
1467585537
100001610450045
1444855554
765600521
663237261
1401570284
1123231752
100001702130794
1391280112
1733543486
1327513050
730650744
503108872
1073600136
1007985151
717907941
604253302
502066634
1401330075
100000138301345
522821329
100001355068648
100003826423462
1255142118
540423161
1799107242
1193550655
1459599170
100000837313497
1338090549
571609226
710041942
1208456160
100000504081479
1850620073
100001195394678
503502683
632120324
511708896
1620560897
1356309611
788565257
100003336938923
1285970301
1473767761
100000258737724
572292740
1548600727
885770570
832928507
1413619636
557636872
100000004790045
698333402
1405485341
1293969922
1282455672
1227497947
100000544496781
572895445
739287075
100000068285572
1398660694
100000887944040
1390426461
1412029489
100004682623687
1391190340
100002602363333
1432251538
1422885410
100004678410519
1028285793
600499852
1595517208
532679633
100001942832855
1264300116
536622420
1129495563
1361418749
1359574329
640671409
100000444920365
1398782469
562196135
1410439254
1398720813
815070724
1391190071
100000114511134
1206443353
561645150
100000658024866
1482554753
749610723
100000940620050
100001084051146
662387447
1721091728
816669886
1111074433
1390921151
1132926552
601896302
667736140
1215053935
1389467260
1286546230
1324586225
751664802
1359575643
539242999
1496903039
1047507268
1450782338
100004414534560
1471240710
530626266
696860937
1226612454
525795780
100002787938716
831768857
1391040665
100000551201194
100003037914171
1651097179
736474271
759810240
561451233
1470060095
100000075010436
100000130321578
713586549
11819527
500731851
1395810333
1331712820
1805453154
705335341
1180051237
1422947764
1104592869
1550689175
1178574614
1011168490
1227512418
1067659267
721458859
1348594113
718874070
829129
1519777172
1245379237
1234094840
1264953234
842554633
580755915
502375654
1078088094
1260164701
1135322633
1398782433
676088084
1381966983
1402050790
1455799357
584212783
894890561
725821646
1401630193
22925458
1393560832
581464417
1279985220
1114260408
1054355206
1369557238
100002462638929
1082619466
517310165
1398781825
1392630252
1401810206
694877679
1205504088
1233496658
507119176
100003101505714
100001519775694
1350812003
775036564
100000492468314
631714263
503765914
100000406031066
1124520185
1411987596
1369793654
100000381515651
1393531274
524362564
100000498200455
1152990659
623863707
542660345
100002673270622
615893651
614488437
1049917062
1338660065
1210890499
1625673932
1423061974
1398480306
1343504919
1683462444
717586134
1050314879
646401053
588969562
566216495
1359784189
504041569
730148003
1398782342
1246374942
540612993
100000415118965
100000382844056
100001304520403
100002413195813
1390726613
616171753
1354164978
723298017
1441728830
1435479656
706424195
1442530565
1398782453
1398782321
1422124214
1232400886
1032704762
725755037
693352462
659893849
602685430
585028744
501699704
2732803
400986
1398781226
1396140659
1393620160
1393620099
1108410196
832490144
763293053
662850071
618772960
588058785
586916678
500519042
2735332
Id:521587894518871
Privacy:CLOSED
100000423983790
1342862994
100003032738349
1530937288
673742450
1391040076
760604184
100002942405138
100002437465375
1632082409
655946639
1185337105
100000041517626
100000507158649
1521840490
1318193467
710880393
2732402
1126219762
100000551201194
100003336938923
609342894
100007585630498
1831255187
1274248183
1542302486
100001500612916
1651680502
1587007927
631278035
100000851300801
100002480619049
1061538463
100001206474067
100000069857801
1322862963
1316145812
100000977091434
100003395664603
100006877116601
758236896
1492969300
1715292124
1624833875
1222881914
100001870781336
737118858
100002734345687
100002088032691
1188429400
1405384385
1026288128
588803682
100004691101068
100000638887491
1011841413
100002328306502
1228163477
630072822
559605851
1817240787
682354583
1827340826
631894862
758426378
753339907
1391692859
535031031
1334016834
707089894
1490897683
824661669
713586549
1186370484
544299827
1531058331
100008208034840
712299922
628298432
542660345
578352905
504041569
1449366281
100003037914171
505578813
100005585643538
1022559760
612439563
1550150680
514964359
1449653116
543902197
100004682405415
100004557815262
739994603
100002070274545
608486757
100001422430860
524471452
671410745
696742864
502573415
557636872
1355280001
1472155074
564434376
648556381
1025280013
100003621141336
610190699
100000161653622
1338210362
100000048824458
633218788
1625439922
785454832
623656287
1557734534
1519775919
588971339
1457176726
1356309611
713834224
694721348
1741890106
100000741846725
679170359
1411980942
100003196249394
Id:271144812969246
Privacy:OPEN
604385804
100006693223075
100003341225253
100003965573904
1634976236
100005925016079
1656151519
1261323429
100001780747732
1786557937
1773914296
1827340826
100004087353939
1635082140
100001494723787
100001714951281
1189964300
100001897757270
1381038611
100001700896815
100003216729786
100002822367849
1295340387
100001809846502
580546123
592998030
1331778524
1326804925
100000875464887
100006491168989
100004957219349
1277637156
520161827
100000098274454
100003929250986
1460292088
100000481642861
1404494025
1726980547
1596984217
100001266787487
100000017272438
1198681057
100008221293525
100004517401723
731835628
100001593465802
100005167605358
1090118956
1312144359
1458876916
760604184
506804482
1074935742
1346860355
711693981
100006805846542
100000806976449
1335628387
100001775059506
1324536722
100002437465375
100000711878456
1802802181
100002449182795
1200135840
1309251999
100000653625068
100001063512749
100000065449420
1222348303
100004086493152
1590848526
1522315644
695128746
1255156175
1815034091
100004921326969
100007585630498
500080485
511485253
100004514020269
100007739017030
100002178109046
100007574410003
100002312821523
1152632383
1624317378
100005844213068
100005518271563
1370662474
100001539407299
1733484083
100001249616817
1000843136
1356818452
1187248700
620088981
100006059971547
1293669330
100006147618601
100001206474067
100001199101659
1193835981
1413459093
100000851300801
100001992788899
100006877116601
1303560599
1840304952
1322862963
100001900766287
1126219762
1830533715
100002206718126
100000526733615
1603774715
1000260137
100000977091434
616521413
1789541544
1492969300
100004691101068
1784518038
100004338885709
1399353450
100002328306502
100001528936911
100006607117931
1823881252
1630561602
666973211
100000455966875
100004762483683
560126970
1080673342
100003395664603
1199593827
1577510723
100000514485788
585546530
100000095907777
100000560865606
100004078446446
519387718
1417946990
100001789284200
1239765640
1775661526
1233050079
100003173349351
1478700276
100007787202624
1066234448
1662907988
1587643252
100000069857801
1640868086
1206692593
100000738477477
1367513101
100000099351011
1049055164
100001603094395
100000017299071
1814312419
1306657643
100002008179755
730498447
100000837552770
100001373748586
1484856859
1222269703
100008067524478
100000077941967
565948125
638189275
1476077706
1046647890
667603840
1393065102
100007523252791
100007411179903
100001113180135
1193765315
100002955952632
1061580609
100001004345234
561357170
1129495563
100000122362747
100006270121551
1398780572
821420634
100000686702222
1474999206
753339907
1141757940
1222881914
100000423983790
1842292368
758426378
758236896
1466703735
1392480274
100002147180378
100000934967070
1401810270
1223310211
1011841413
100007002669333
1149234490
604982604
535031031
828327801
1405384385
1587007927
100000020331050
100002942405138
1719615321
1703378948
1391692859
100000440318441
1322286705
100000004725743
1316145812
2718074
100003215039025
558633288
713586549
2727351
500731851
100002893878784
1111951037
761020416
1395810333
1752322633
100007993352156
1620560897
655946639
698541071
631278035
617989293
527583753
100004558176914
100004052469436
9031319
707089894
1477804574
1444427205
571609226
540612993
664240250
1517741950
693043527
100000507158649
1648851298
556942497
681313409
1621322647
1850620073
783024895
100004206373010
579291150
1203519069
578352905
612185615
1813317578
100001158825222
100005585643538
100001468315756
819640132
525503806
1632082409
100006496514401
704928897
635456097
1643656265
1091602289
654590977
697746312
571531309
1392661021
722505638
1467252619
1385164833
1093146129
100000291832352
753902517
731337669
1449366281
1468853217
539242999
100002734345687
1651680502
100000381855107
100002088032691
100000638887491
2717476
100000241541214
564716164
100000032183153
100001276980731
1255038079
100000115035414
648556381
1418450922
100002343255427
602025106
1366076379
1230961223
1245390052
1393620160
539660804
1741890106
100003825515606
655575592
1047199047
100003723219241
100000029386954
1321573008
773771634
100000143732876
100001870781336
1342862994
1604953896
621941027
687379038
718595550
1034107882
764639449
100002441157695
1600132929
100000022674799
100001281968449
2730626
1357354051
100003042643410
1134545087
1390426461
794747728
1356823984
100006813339729
1224950644
1649544143
1133032291
1447475735
500016678
504400687
630072822
100004323182839
589654832
752758852
624377544
549500043
1073148550
1677324669
100000171850206
100001137452466
1432251538
631894862
679697748
557522683
1341035208
1185337105
781818209
1700351095
668863786
1404180032
100000135782426
31301287
1419435584
1302961875
548063087
1337499503
1535866474
1501921336
1085283592
1807130380
639962210
100000596134367
515509977
765763354
1500526719
100000333383844
512270597
100003032738349
1432500277
620153411
1431487417
1478409057
1592261969
1776416226
1796477906
100005676847335
748093953
100000247794160
1392450644
1491106621
100000163007444
731595765
1041636098
1250648854
567964017
1274248183
100000088115057
100001500612916
100002480619049
1109633533
702051115
1180063433
676957714
100003113055137
840402163
737118858
100000393235051
1449653116
1359060112
1733543486
500173163
1361470131
1048220330
1455799357
1255142118
625
739287075
1517989697
100001863985775
1200125145
100000158723957
1560556760
1307049738
735818423
1215756283
1067563496
100005944813718
100000195191915
1354164978
100004682405415
1681422777
682354583
100001135607412
646516999
1012935575
1413957108
100003848042183
1818484692
677594672
1484550984
675819857
1395517664
1615591356
100000150486908
100001084051146
504531183
1521840490
1784775396
1398630766
100005537288756
1275167514
100002644037071
1060781462
1423061974
675292845
100000650353181
524471452
1422885410
1095287631
1403228709
100003696639486
1396140659
696742864
100003336938923
1111074433
100004557815262
1586524741
1398540479
1498338940
100000551201194
100001927015119
1380000247
1396050043
1154302300
100001271611460
100002489504140
544325764
1283427007
730490852
610527268
1412029489
100002721319268
100003638031642
100000068285572
572388972
511383637
698525617
559605851
1393530964
622428069
100003802314511
586916678
1320861496
100003611015759
100001519775694
100003584737631
1721091728
682974244
769096102
14205661
661965935
1329926139
1054355206
1339902398
1026288128
651966745
1519775919
506348035
1402200283
586137988
621952588
629004814
100000461397256
1392510494
100002483808309
1625439922
525762221
673816093
785454832
100000048824458
1260941983
781097177
1334016834
1817240787
100003196249394
1482554753
1508360018
100003037914171
632120324
1287660882
1356309611
1652414842
100000741846725
1831255187
1441537880
100002432894110
1629368784
502718839
736474271
100001114264892
637458869
100000536622625
2703338
1550150680
745718695
572292740
1845112810
2730339
904300051
1480630917
100001422430860
1001305801
1301102632
100001304520403
100002264424239
714175454
759495738
681547090
1073600136
771505726
1328761159
588971339
1396410136
503116876
1609345541
1401060611
782272525
1073641139
1397610087
706309256
1342833252
1431094972
1228190177
662850071
537451760
827189443
100000161653622
1398782270
1442530565
633218788
1276098570
838630726
1398630380
1403250015
1402320797
1432539211
1709182643
1398540323
738515199
1391040665
763978734
749610723
1338210362
1335931901
578853827
520024236
891115229
1395090434
503502683
1401840298
1298376188
846165603
1022559760
1079303285
660667652
678506092
100003507133980
721222525
689449227
1542000160
100000075010436
100002673270622
1490897683
663571527
508323883
610998357
504041569
507545089
713834224
520074262
824661669
1411980942
1444434860
592792214
542660345
1140362607
679170359
587913246
1223225
521178656
634781407
503617917
633051650
541174907
100000059109845
1114290116
1060568068
1032704762
788565257
672679539
1557734534
Id:294446710639056
Privacy:OPEN
1624317378
1274248183
100002437465375
100008067524478
100000032183153
1134545087
100007993352156
578352905
100003042643410
100000135782426
1776416226
788565257
1521840490
100003802314511
1458333713
1329926139
100000048824458
1482554753
1629368784
100001114264892
637458869
572292740
749610723
1609345541
503502683
721222525
1557734534
Id:270109616406099
Privacy:CLOSED
