Id:100008343420563_100599169999953
List_Type:close_friends
Id:100008343420563_124542800973931
List_Type:acquaintances
Id:100008343420563_282388181774526
List_Type:family
Id:1431735010447933
List_Type:user_created
100004642241103
100004558176914
100004199675163
100003013990799
100002969861194
100002875864132
100002824085251
100002673270622
100002615332479
100002213994366
100001981492993
100001525510160
100001500729894
100001444351418
100000741846725
100000291832352
1831255187
1643808390
739577240
655946639
2718074
Id:100008343420563_1_114494698566965_2003
List_Type:education
Id:100008343420563_1_140105122708_2004
List_Type:education
Id:100008343420563_1_104057349631401_14002
List_Type:current_city
2718074
1643808390
100000291832352
100000741846725
100001500729894
100001525510160
100001981492993
100002213994366
100002615332479
100002824085251
100002875864132
100003013990799
100004199675163
100004558176914
