Id:10204002316714212
List_Type:user_created
100005146980755
100004017126383
100001983687906
100001652409854
100001448412762
100001247926336
100000598519830
100000532471065
100000127216585
100000100695341
100000073965435
100000045207855
1847714946
1641437342
1541912236
1330462999
1279360278
1266336586
1264736113
1237491681
1200135840
1183318107
811929336
726013088
663457663
520117364
100007749161025
100006558427060
100004246980031
100002853857646
100001552731086
100000636961131
100000270773569
100000064967798
1698864384
1525395374
1250097197
Id:10204002283713387
List_Type:user_created
100008202047387
100005044111483
100003865426666
100002531516782
100001865535046
100001848478873
100001796347876
100001525783684
100001304934175
100001252330525
100001218889527
100001157617120
100001131886959
100000812938816
100000702597368
100000158455730
100000125860906
100000056205636
100000030578376
1848556426
1756309120
1644886960
1615380451
1441082927
1428872873
1342397725
1121206440
1037597821
769302805
686657958
618459717
100008050563199
100005484644132
100004733712072
100003014048727
100002329641535
100002229978652
100001805839160
100001622403171
100001381405617
100001089541228
100000988279494
100000481474049
100000480278657
100000461266778
100000446417134
100000355428247
100000237783114
100000160593171
100000127216585
100000120362479
100000084741411
100000019131811
1847430354
1824740696
1758420613
1659995243
1603208267
1582217372
1560061634
1447811838
1366055792
1283667174
1214281924
1182024493
811929336
100005953116656
100004387140039
100004250943408
100003470116204
100003217623086
100002370636465
100001931248268
100001666869583
100000928365192
100000869062687
100000839883932
100000805234131
100000772519990
100000598194313
100000466186782
100000299623661
100000170373154
100000003009300
1815099882
1731943252
1695284589
1579746322
1511546984
1498221130
1381786262
1300895111
1116336702
1111077433
1073455405
1009261433
818483776
794111066
631068706
624037801
604421041
554631228
100001383963649
100000220090532
1659973886
1490458544
1061870397
Id:10203950344654943
List_Type:user_created
100008202047387
100005484644132
100005044111483
100004387140039
100004250943408
100003865426666
100003217623086
100003186402616
100002977729106
100002531516782
100002370636465
100002293148837
100001931248268
100001848478873
100001805839160
100001796347876
100001666869583
100001525783684
100001304934175
100001246680717
100001218889527
100001157617120
100000988279494
100000928365192
100000907997452
100000869062687
100000839883932
100000812938816
100000772519990
100000702597368
100000598194313
100000498501725
100000466186782
100000446417134
100000445248714
100000299623661
100000237783114
100000160593171
100000056205636
100000030578376
1713785976
1659973886
1644886960
1582217372
1447811838
1214281924
769302805
618459717
Id:10201086542661683
List_Type:education
Id:2510669482036
List_Type:acquaintances
Id:2330808585626
List_Type:current_city
618459717
631068706
718703688
794111066
811929336
818483776
1009261433
1037597821
1061870397
1073455405
1116336702
1121206440
1182024493
1201232988
1214281924
1253056866
1283667174
1300895111
1358001018
1381786262
1408736345
1428872873
1441082927
1498221130
1511546984
1513020697
1546066721
1560061634
1565176628
1579746322
1582217372
1603208267
1641722764
1659973886
1713785976
1756309120
1758420613
1815099882
1820078697
1824740696
1829476742
1832191673
1851531459
100000019131811
100000030578376
100000045207855
100000101301937
100000107838803
100000120362479
100000158455730
100000160593171
100000237783114
100000278356707
100000299623661
100000445248714
100000461266778
100000466186782
100000480278657
100000481474049
100000598194313
100000598519830
100000702597368
100000772519990
100000812938816
100000839883932
100000869062687
100000907997452
100001089541228
100001131886959
100001157617120
100001215373232
100001246680717
100001341840317
100001383963649
100001525783684
100001666869583
100001796347876
100001800946937
100001805839160
100001865535046
100002073637861
100002170478622
100002229978652
100002293148837
100002329641535
100002370636465
100002531516782
100002611392159
100002663018366
100003014048727
100003217623086
100003470116204
100003865426666
100004408213036
100005044111483
100005484644132
Id:2330808545625
List_Type:education
Id:2330808505624
List_Type:family
Id:2330808465623
List_Type:close_friends
Id:1165272927963
List_Type:user_created
