Id:10201086542661683
List_Type:education
Id:2510669482036
List_Type:acquaintances
Id:2330808585626
List_Type:current_city
618459717
631068706
718703688
794111066
811929336
818483776
1009261433
1037597821
1061870397
1073455405
1116336702
1121206440
1182024493
1201232988
1214281924
1253056866
1283667174
1300895111
1358001018
1381786262
1408736345
1428872873
1441082927
1498221130
1511546984
1513020697
1546066721
1560061634
1565176628
1579746322
1582217372
1603208267
1641722764
1659973886
1713785976
1756309120
1758420613
1815099882
1820078697
1824740696
1829476742
1832191673
1851531459
100000019131811
100000030578376
100000045207855
100000101301937
100000107838803
100000120362479
100000158455730
100000160593171
100000237783114
100000278356707
100000299623661
100000445248714
100000461266778
100000466186782
100000480278657
100000481474049
100000598194313
100000598519830
100000702597368
100000772519990
100000812938816
100000839883932
100000869062687
100000907997452
100001089541228
100001131886959
100001157617120
100001215373232
100001246680717
100001341840317
100001383963649
100001525783684
100001666869583
100001796347876
100001800946937
100001805839160
100001865535046
100002073637861
100002170478622
100002229978652
100002293148837
100002329641535
100002370636465
100002531516782
100002611392159
100002663018366
100003014048727
100003217623086
100003470116204
100003865426666
100004408213036
100005044111483
100005484644132
Id:2330808545625
List_Type:education
Id:2330808505624
List_Type:family
Id:2330808465623
List_Type:close_friends
Id:1165272927963
List_Type:user_created
