Time: 2014-9-11 23:28:36 Login Editor
Time: 2014-9-18 20:38:30 Login Editor
Time: 2014-9-18 20:39:59 List Name: Drew_to_Hilal
Add 100000220090532
Time: 2014-9-18 20:40:3 List Name: Drew_to_Hilal
Add 100000220090532, 1490458544, 100000936602957, 1659973886, 100000703725206, 1061870397, 100001383963649, 100002853857646, 1718809891, 1321654755, 100000074432553, 1511546984, 100002073637861, 100004250943408, 1731943252, 100000839883932, 100006558427060, 1001524357, 1073455405, 100005953116656, 100001552731086, 1009261433, 100003217623086, 100000805234131, 631068706, 100000299623661, 100002296089965, 100003470116204, 100000440318441, 1431273324, 794111066, 100000660814695, 100000466186782, 1250097197, 624037801, 100001931248268, 1118016070, 100004246980031, 100001218384553, 100000064967798, 1381786262, 604421041, 1232910636, 1116336702, 100001329792269, 1117994757, 100000598194313, 1698864384, 1105202470, 100004387140039, 100000772519990, 1525395374, 11826398, 100000636961131, 1664166672, 1832191673, 1820078697, 100002370636465, 1111077433, 1078137019, 1565176628, 100000270773569, 1338294511, 100000081184790, 100000928365192, 100000569644007, 100007749161025, 1579746322, 100000003009300, 1498221130, 554631228, 100000869062687, 1684742048, 766325743, 100001652409854, 100000170373154, 1246616142, 818483776, 1300895111, 1695284589, 100001666869583, 1815099882, 100000988279494, 100000278356707, 100000237783114, 1824740696, 100002611392159, 100000160593171, 100005146980755, 100005484644132, 1366055792, 100005961510235, 1582217372, 100000446417134, 100000172146848, 1237491681, 18205854, 1286804068, 1477804574, 1623854503, 1358001018, 100008050563199, 100000355428247, 100000598519830, 100000480278657, 100004017126383, 22200897, 811929336, 1823975702, 1758420613, 100000120362479, 100001136540780, 1546066721, 718703688, 1513801, 1182024493, 1447811838, 100001137452466, 100000084741411, 100003014048727, 1096890029, 100000127216585, 100001089541228, 100001448412762, 1200135840, 100000073965435, 100002329641535, 100000461266778, 100002229978652, 1588591231, 100000481474049, 100000154920170, 1541912236, 1214281924, 100001622403171, 663457663, 1283667174, 703012266, 1560061634, 1612809746, 100006343929992, 1603208267, 100001381405617, 1426507749, 1847430354, 100001805839160, 527119289, 100001215373232, 100003300265703, 100002170478622, 1096890159, 100001983687906, 100000019131811, 1659995243, 100004733712072, 1441082927, 100001247926336, 1173007996, 686657958, 100004408213036, 100000124599721, 100001865535046, 1264736113, 1183161881, 1551352922, 100002649670220, 1847714946, 1121206440, 100002940389239, 1334016834, 1829476742, 100000158455730, 1841464576, 1000479111, 100001252330525, 100000812938816, 1037597821, 100000333139908, 100000308242998, 100001218889527, 100002035007568, 1375834685, 1615380451, 100000445248714, 100000107838803, 100004280556415, 100000125860906, 100008202047387, 100002531516782, 100001131886959, 1711881477, 100001525783684, 100000030578376, 1266336586, 100001835324708, 100003865426666, 100001800946937, 100001848478873, 100000177062179, 100001349372600, 726013088, 1428872873, 100001246680717, 1524529765, 1775331507, 100000907997452, 100000702597368, 1441248405, 1756309120, 100000384922153, 1229655383, 100000498501725, 1253056866, 100003336938923, 1272412846, 100000093422067, 100000056205636, 100001796347876, 1086759567, 100000726116303, 100002293148837, 1342183113, 100000045207855, 100005044111483, 2715347, 1850620073, 100000507158649, 1644886960, 1408736345, 1851531459, 1713785976, 100001341840317, 1641722764, 100000290888807, 100000100695341, 100002547139610, 100002663018366, 100002977729106, 100003186402616, 618459717, 1848556426, 1330462999, 100006580292163, 1342397725, 100000001538878, 1096165810, 1513020697, 1641437342, 100000101301937, 658258840, 1183318107, 100000348273124, 1293648421, 1448934080, 100001157617120, 769302805, 1513502430, 100000160572572, 100000532471065, 520117364, 1764013660, 333400024, 1465002513, 100001304934175, 702051115, 100006877116601, 1201232988, 100000376953307, 100001604464787, 100001357385473, 1279360278
Time: 2014-9-18 20:40:25 List Name: Test
Create List
Time: 2014-9-18 20:40:31 List Name: Test
Discard List
