Id:510070455724030
List_Type:education
Id:423443181053425
List_Type:education
Id:415628811834862
List_Type:education
Id:405290399535370
List_Type:current_city
2704676
40512390
501582070
515537288
546078416
548010053
563111625
574788470
618663456
620249062
622833145
639962210
672679539
676092434
677617632
705484778
708705302
725321709
736122455
748591917
780843791
800197224
820629468
824661669
848760647
875320261
1042833648
1062881670
1077730370
1164032984
1182031245
1208822739
1217435954
1227665940
1246117498
1257008351
1289136891
1394738016
1401660517
1401900069
1416006444
1417089169
1420280394
1424402555
1453809178
1506402903
1508693532
1511190380
1517708516
1522315644
1531609000
1575870008
1604650863
1643808390
1656362909
1683960012
1685779096
1792968554
1805696897
1817240787
1842170575
100000007061586
100000031177263
100000104315000
100000291832352
100000455966875
100000456058115
100000683430750
100000702476146
100000741846725
100000775116825
100000835751655
100000897499709
100001043113693
100001189845273
100001207390778
100001343971289
100001382307063
100001391676717
100001416611140
100001500729894
100001519775694
100001525510160
100001544745991
100001613980939
100001641663195
100001890403862
100001981492993
100002026866893
100002206457204
100002209942621
100002213994366
100002226157347
100002254205112
100002255751827
100002336824694
100002358844423
100002615332479
100002637281786
100002700224685
100002725327694
100002731100740
100002739888196
100002771298426
100002779422548
100002813248009
100002824085251
100002826047894
100002836678749
100002837285491
100002873896559
100002875864132
100002935867470
100002978887400
100003013990799
100003135954166
100003373929777
100003576564282
100003584737631
100003696639486
100003709820448
100003751245378
100003756213857
100003801843313
100003805605892
100003892638523
100003963281135
100004008565531
100004015434349
100004045452940
100004052469436
100004059753165
100004074050850
100004086493152
100004167182816
100004191881060
100004199675163
100004208350542
100004226044367
100004228563769
100004231780979
100004256923748
100004263660339
100004302452718
100004310557216
100004485481174
100004558176914
100004578515982
100004611930942
100005934632787
100006429502473
100006451043899
100006530376864
100006549961494
100006641705075
100007264033020
Id:405087399555670
List_Type:family
Id:405087396222337
List_Type:acquaintances
Id:405085399555870
List_Type:close_friends
