100008343420563 1831255187 @Sun Jun 22 23:39:23 EDT 2014
100008343420563 100004199675163 @Sun Jun 22 23:39:23 EDT 2014
100008343420563 100004642241103 @Tue Jun 03 17:17:46 EDT 2014
100008343420563 100001981492993 @Mon May 26 02:58:41 EDT 2014
100008343420563 1643808390 @Mon May 19 06:42:06 EDT 2014
100008343420563 100002969861194 @Sun May 11 17:31:39 EDT 2014
100008343420563 100002615332479 @Thu May 08 02:39:27 EDT 2014
100008343420563 100004558176914 @Thu May 08 02:39:27 EDT 2014
100008343420563 739577240 @Thu May 08 02:39:27 EDT 2014
100008343420563 100001525510160 @Thu May 08 02:39:27 EDT 2014
100008343420563 655946639 @Thu May 08 02:39:27 EDT 2014
100008343420563 2718074 @Thu May 08 02:39:27 EDT 2014
100008343420563 100002213994366 @Thu May 08 02:39:27 EDT 2014
100008343420563 100000291832352 @Thu May 08 02:39:27 EDT 2014
100008343420563 100002875864132 @Thu May 08 02:39:27 EDT 2014
100008343420563 100001500729894 @Thu May 08 02:39:27 EDT 2014
100008343420563 100002824085251 @Thu May 08 02:39:27 EDT 2014
100008343420563 100002673270622 @Thu May 08 02:39:27 EDT 2014
100008343420563 100001444351418 @Thu May 08 02:39:27 EDT 2014
100008343420563 100000741846725 @Thu May 08 02:39:27 EDT 2014
100008343420563 100003013990799 @Thu May 08 02:39:27 EDT 2014
2718074 100000741846725 @Tue May 14 15:57:12 EDT 2013
1831255187 100004199675163 @Tue Jun 24 10:47:13 EDT 2014
100000291832352 100002875864132 @Thu Jan 23 17:10:16 EST 2014
100000741846725 100004642241103 @Wed May 07 14:10:42 EDT 2014
100001444351418 100001981492993 @Sun May 18 13:09:07 EDT 2014
100004642241103 100000741846725 @Wed May 07 14:10:42 EDT 2014
100008343420563 2718074 
100008343420563 655946639 
100008343420563 739577240 
100008343420563 1643808390 
100008343420563 1831255187 
100008343420563 100000291832352 
100008343420563 100000741846725 
100008343420563 100001444351418 
100008343420563 100001500729894 
100008343420563 100001525510160 
100008343420563 100001981492993 
100008343420563 100002213994366 
100008343420563 100002615332479 
100008343420563 100002673270622 
100008343420563 100002824085251 
100008343420563 100002875864132 
100008343420563 100002969861194 
100008343420563 100003013990799 
100008343420563 100004199675163 
100008343420563 100004558176914 
100008343420563 100004642241103 
655946639 1643808390
655946639 1831255187
655946639 100000291832352
655946639 100000741846725
655946639 100001444351418
655946639 100001500729894
655946639 100001525510160
655946639 100001981492993
655946639 100002213994366
655946639 100002615332479
655946639 100002673270622
655946639 100002824085251
655946639 100002875864132
655946639 100002969861194
655946639 100004199675163
655946639 100004558176914
739577240 1831255187
739577240 100000291832352
739577240 100000741846725
739577240 100001444351418
739577240 100001500729894
739577240 100001525510160
739577240 100001981492993
739577240 100002615332479
739577240 100002673270622
739577240 100002824085251
739577240 100002875864132
739577240 100002969861194
739577240 100003013990799
739577240 100004199675163
1643808390 655946639
1643808390 1831255187
1643808390 100000291832352
1643808390 100000741846725
1643808390 100001444351418
1643808390 100001500729894
1643808390 100001525510160
1643808390 100002213994366
1643808390 100002615332479
1643808390 100002875864132
1643808390 100002969861194
1643808390 100004199675163
1643808390 100004558176914
1831255187 655946639
1831255187 739577240
1831255187 1643808390
1831255187 100000741846725
1831255187 100001500729894
1831255187 100002673270622
1831255187 100002824085251
1831255187 100002969861194
1831255187 100004558176914
100000291832352 655946639
100000291832352 739577240
100000291832352 1643808390
100000291832352 100000741846725
100000291832352 100001444351418
100000291832352 100001500729894
100000291832352 100001525510160
100000291832352 100001981492993
100000291832352 100002213994366
100000291832352 100002615332479
100000291832352 100002824085251
100000291832352 100002969861194
100000291832352 100003013990799
100000291832352 100004199675163
100000291832352 100004558176914
100000741846725 2718074
100000741846725 655946639
100000741846725 739577240
100000741846725 1643808390
100000741846725 1831255187
100000741846725 100000291832352
100000741846725 100001500729894
100000741846725 100001525510160
100000741846725 100001981492993
100000741846725 100002213994366
100000741846725 100002615332479
100000741846725 100002673270622
100000741846725 100002824085251
100000741846725 100002875864132
100000741846725 100002969861194
100000741846725 100003013990799
100000741846725 100004199675163
100000741846725 100004558176914
100001444351418 655946639
100001444351418 739577240
100001444351418 1643808390
100001444351418 100000291832352
100001444351418 100001500729894
100001444351418 100001525510160
100001444351418 100002213994366
100001444351418 100002615332479
100001444351418 100002673270622
100001444351418 100002824085251
100001444351418 100002875864132
100001444351418 100002969861194
100001444351418 100004199675163
100001500729894 655946639
100001500729894 739577240
100001500729894 1643808390
100001500729894 1831255187
100001500729894 100000291832352
100001500729894 100000741846725
100001500729894 100001444351418
100001500729894 100001525510160
100001500729894 100002213994366
100001500729894 100002615332479
100001500729894 100002673270622
100001500729894 100002824085251
100001500729894 100002875864132
100001500729894 100002969861194
100001500729894 100003013990799
100001500729894 100004199675163
100001500729894 100004558176914
100001525510160 655946639
100001525510160 739577240
100001525510160 1643808390
100001525510160 100000291832352
100001525510160 100000741846725
100001525510160 100001444351418
100001525510160 100001500729894
100001525510160 100001981492993
100001525510160 100002213994366
100001525510160 100002615332479
100001525510160 100002824085251
100001525510160 100002875864132
100001525510160 100002969861194
100001525510160 100004199675163
100001525510160 100004558176914
100001981492993 655946639
100001981492993 739577240
100001981492993 100000291832352
100001981492993 100000741846725
100001981492993 100001444351418
100001981492993 100001525510160
100001981492993 100002213994366
100001981492993 100002615332479
100001981492993 100002673270622
100001981492993 100002824085251
100001981492993 100002969861194
100001981492993 100004558176914
100002213994366 655946639
100002213994366 1643808390
100002213994366 100000291832352
100002213994366 100000741846725
100002213994366 100001444351418
100002213994366 100001500729894
100002213994366 100001525510160
100002213994366 100001981492993
100002213994366 100002615332479
100002213994366 100002673270622
100002213994366 100002824085251
100002213994366 100002875864132
100002213994366 100002969861194
100002213994366 100004199675163
100002213994366 100004558176914
100002615332479 655946639
100002615332479 739577240
100002615332479 1643808390
100002615332479 100000291832352
100002615332479 100000741846725
100002615332479 100001444351418
100002615332479 100001500729894
100002615332479 100001525510160
100002615332479 100001981492993
100002615332479 100002213994366
100002615332479 100002673270622
100002615332479 100002824085251
100002615332479 100002875864132
100002615332479 100002969861194
100002615332479 100004199675163
100002673270622 655946639
100002673270622 739577240
100002673270622 1831255187
100002673270622 100000741846725
100002673270622 100001444351418
100002673270622 100001500729894
100002673270622 100001981492993
100002673270622 100002213994366
100002673270622 100002615332479
100002673270622 100002824085251
100002673270622 100002875864132
100002673270622 100002969861194
100002673270622 100004199675163
100002673270622 100004558176914
100002824085251 655946639
100002824085251 739577240
100002824085251 1831255187
100002824085251 100000291832352
100002824085251 100000741846725
100002824085251 100001444351418
100002824085251 100001500729894
100002824085251 100001525510160
100002824085251 100001981492993
100002824085251 100002213994366
100002824085251 100002615332479
100002824085251 100002673270622
100002824085251 100002875864132
100002824085251 100002969861194
100002824085251 100003013990799
100002824085251 100004199675163
100002824085251 100004558176914
100002875864132 655946639
100002875864132 739577240
100002875864132 1643808390
100002875864132 100000291832352
100002875864132 100000741846725
100002875864132 100001444351418
100002875864132 100001500729894
100002875864132 100001525510160
100002875864132 100002213994366
100002875864132 100002615332479
100002875864132 100002673270622
100002875864132 100002824085251
100002875864132 100002969861194
100002875864132 100004199675163
100002875864132 100004558176914
100002969861194 655946639
100002969861194 739577240
100002969861194 1643808390
100002969861194 1831255187
100002969861194 100000291832352
100002969861194 100000741846725
100002969861194 100001444351418
100002969861194 100001500729894
100002969861194 100001525510160
100002969861194 100001981492993
100002969861194 100002213994366
100002969861194 100002615332479
100002969861194 100002673270622
100002969861194 100002824085251
100002969861194 100002875864132
100002969861194 100003013990799
100002969861194 100004199675163
100002969861194 100004558176914
100003013990799 739577240
100003013990799 100000291832352
100003013990799 100000741846725
100003013990799 100001500729894
100003013990799 100002824085251
100003013990799 100002969861194
100004199675163 655946639
100004199675163 739577240
100004199675163 1643808390
100004199675163 1831255187
100004199675163 100000291832352
100004199675163 100000741846725
100004199675163 100001444351418
100004199675163 100001500729894
100004199675163 100001525510160
100004199675163 100002213994366
100004199675163 100002615332479
100004199675163 100002673270622
100004199675163 100002824085251
100004199675163 100002875864132
100004199675163 100002969861194
100004199675163 100004558176914
100004558176914 655946639
100004558176914 1643808390
100004558176914 1831255187
100004558176914 100000291832352
100004558176914 100000741846725
100004558176914 100001500729894
100004558176914 100001525510160
100004558176914 100001981492993
100004558176914 100002213994366
100004558176914 100002673270622
100004558176914 100002824085251
100004558176914 100002875864132
100004558176914 100002969861194
100004558176914 100004199675163
