Id:652062374813484
List_Type:education
Id:585419604811095
List_Type:work
100000012057594
100002206457204
Id:490404764312580
List_Type:education
Id:472183622801361
List_Type:acquaintances
Id:470823579604032
List_Type:education
Id:470823572937366
List_Type:education
Id:466879663331757
List_Type:current_city
625
2704676
501582070
504041569
548010053
563111625
569770163
574788470
598065872
598300613
676092434
694923066
708705302
748591917
1042833648
1063690394
1079640082
1182031245
1189611860
1217435954
1221807318
1257008351
1284523141
1367513101
1394738016
1395360439
1401570284
1401660517
1417089169
1420280394
1424402555
1437151587
1442530565
1453809178
1506402903
1522315644
1531609000
1643808390
1656362909
1683960012
1685779096
1733040174
1787295653
1792968554
1803857609
1842170575
100000031177263
100000096512644
100000104315000
100000193299743
100000319113427
100000683430750
100000705855150
100000741846725
100000775116825
100001043113693
100001122026845
100001207390778
100001438273255
100001500729894
100001525510160
100001586319808
100001632400257
100001981492993
100002097147700
100002206457204
100002213994366
100002226157347
100002254205112
100002255751827
100002358844423
100002432244779
100002480323144
100002530233946
100002615332479
100002637281786
100002700224685
100002739888196
100002771298426
100002779422548
100002813248009
100002824085251
100002826047894
100002836678749
100002837285491
100002873896559
100002875864132
100002916777287
100002935867470
100002978887400
100003013990799
100003384071465
100003576564282
100003751245378
100003756213857
100003801843313
100003805605892
100003846374548
100003892638523
100003940608137
100003963281135
100004008565531
100004015434349
100004052469436
100004059753165
100004074050850
100004191881060
100004199675163
100004208350542
100004223793858
100004226044367
100004228563769
100004231780979
100004245185712
100004256923748
100004302452718
100004310557216
100004337290153
100004485481174
100004558176914
100004611930942
100005055187167
100006429502473
100006451043899
100006494802861
100006530376864
100006641705075
100006755499902
100007172432982
100007264033020
100008343420563
Id:451419871544403
List_Type:education
Id:436884272997963
List_Type:user_created
100001345385297
Id:396141550405569
List_Type:family
Id:389055281114196
List_Type:current_city
1594367643
100001643411464
100002658758062
100002854386673
100003808714841
100003941608712
100004368396808
100004399925236
100005618070639
100006276990870
100006680852814
100007752493645
Id:389055267780864
List_Type:education
Id:389055261114198
List_Type:education
Id:389055257780865
List_Type:close_friends
100000022130616
