Id:648698638521609
List_Type:current_city
598661341
638323513
691212730
820629468
1407264604
100001711523279
100002078982336
100004258633266
Id:451927251532083
List_Type:education
Id:451926251532183
List_Type:education
Id:414914765233332
List_Type:acquaintances
Id:414914755233333
List_Type:family
Id:414914748566667
List_Type:education
100002978887400
512500545
1576786774
5129164
100000025483047
1368575261
1335758065
551814736
100004231780979
100001099455986
1816757301
100004208350542
100003804881017
1142507254
100001632400257
Id:414914745233334
List_Type:current_city
22209078
501582070
504041569
504531183
507687891
528562316
598300613
620243860
629044473
667683099
708705302
731892091
735499384
736456238
748591917
761129687
811829201
875320261
1019306213
1036070972
1081129551
1091591548
1142507254
1175065740
1180502653
1182031245
1368575261
1390726613
1397468055
1401660517
1402230746
1407849767
1416006444
1420280394
1420572821
1424402555
1449399113
1453301197
1506402903
1517708516
1520002265
1525564424
1531609000
1534184261
1575873440
1618590067
1643808390
1651680502
1685779096
1734510749
1769295428
100000032630119
100000190660453
100000264488219
100000291832352
100000509861710
100000702476146
100000727421808
100000775116825
100001043113693
100001189845273
100001207390778
100001416611140
100001500729894
100001519775694
100001525510160
100001632400257
100001641663195
100001653027114
100001944127660
100001981492993
100002026866893
100002097147700
100002209942621
100002213994366
100002226157347
100002254205112
100002255751827
100002358844423
100002423452184
100002506831189
100002615332479
100002637281786
100002660181310
100002739888196
100002779422548
100002824085251
100002826047894
100002837285491
100002873896559
100002875864132
100002935867470
100002966435645
100002978887400
100003060990331
100003373929777
100003384071465
100003751245378
100003801843313
100003804881017
100003805605892
100003892638523
100003963281135
100004008565531
100004015434349
100004059753165
100004074050850
100004167182816
100004199675163
100004208350542
100004226044367
100004228563769
100004231780979
100004302452718
100004485481174
100006429502473
100006641705075
100008343420563
591253916
1132926552
1816757301
1660172610
100000025483047
1533675159
100001237517962
100001466059315
100001027705520
5129164
100000195129959
1402050376
Id:414914741900001
List_Type:education
100004228807857
1369410767
601092087
100001475131185
Id:414914738566668
List_Type:close_friends
