Id:3159661726543
List_Type:education
Id:1597625756620
List_Type:acquaintances
Id:1528670472781
List_Type:family
Id:1528670392779
List_Type:close_friends
Id:1715292124_1_140105122708_2004
List_Type:education
Id:1715292124_1_107812615908638_14002
List_Type:current_city
751838296
1056459517
1116646514
1157325059
1222476481
1312993527
1379408444
1432420690
1444731539
1454534532
1516308195
1524902660
1682571585
1703271503
1803502508
1843974070
100000004475557
100000020637298
100000050932154
100000095486141
100000117448038
100000136223444
100000172208495
100000278889532
100000346373616
100000573384198
100000994500595
100001089626554
100001342874022
100002702719253
100003162855399
100003181705569
100005117764385
