Id:521587894518871
Privacy:CLOSED
1316145812
100000977091434
100003395664603
100006877116601
758236896
1492969300
1715292124
1624833875
1222881914
100001870781336
737118858
100002734345687
100002088032691
1188429400
1405384385
1026288128
588803682
100004691101068
100000638887491
1011841413
100002328306502
1228163477
630072822
559605851
1817240787
682354583
1827340826
631894862
758426378
753339907
1391692859
535031031
1334016834
707089894
1490897683
824661669
713586549
1186370484
544299827
1531058331
100008208034840
712299922
628298432
542660345
578352905
504041569
1449366281
100003037914171
505578813
100005585643538
1022559760
612439563
1550150680
100000011750784
514964359
1449653116
543902197
100004682405415
100004557815262
742283021
739994603
100002070274545
608486757
100001422430860
524471452
671410745
696742864
502573415
1144785521
557636872
1355280001
1472155074
564434376
648556381
1025280013
610190699
622428069
100000161653622
1338210362
521178656
100000048824458
633218788
1625439922
785454832
623656287
1557734534
1519775919
588971339
1457176726
1356309611
713834224
694721348
1741890106
100000741846725
679170359
1411980942
100003196249394
Id:694064707290301
Privacy:OPEN
100003965573904
100004514020269
100000506293936
1344225569
1222881914
700919179
1246386904
1390235743
1200709769
1715292124
1817240787
100000514485788
100002968219734
1239765640
809494860
100000932906373
100001466147291
724591113
1381699693
100000263660425
660171488
1442173496
100006429502473
765882053
1434468173
100000264488219
1205576486
726929114
100000940620050
100002345195574
631278035
549734865
730490852
100003215039025
656813701
679697748
740283788
1449653116
100002088032691
1360835213
1100230784
1735795612
1625670920
1335903544
697420377
785534133
100000141548301
1420000927
100003378984920
100001479428672
100000171850206
1281126506
1208474892
1217728474
100000246259790
639003516
100003124821747
100002343255427
100001269641846
100001134761394
1733040174
567043412
100000096912074
1189611860
811929336
100001391676717
100000779344144
100002779422548
1560040443
100002739888196
100000531541093
100000073786680
100000036241444
1355430989
1225270450
1090118956
775189043
100006092411532
100003072272541
100000489177157
648556381
592309923
100000010102814
1395517664
773771634
1709182643
646885269
1439334905
520074262
590200465
1733543486
1324786213
1799840097
1501921336
1222115560
100000819358723
100003865817556
100000241541214
1679709364
1273943369
Id:700772159967202
Privacy:OPEN
1621299792
552071741
1797444646
507917920
1594960284
100008346632412
1329780186
100002539422942
1331760308
5251540
596138618
100000703042903
100001918755756
1552502325
194903236
1253090891
100005025134555
645868796
1334940067
7821748
602863829
1519341900
1222467847
7609909
703000909
564545694
100001787216923
100004038957263
100000090030487
100005154181962
1372364189
1209732945
1440302041
100000050865145
1415477861
686375649
826793349
1834398382
526725159
100006552733471
1178435102
626747743
1045141649
632479722
215301183
728581653
10912194
6237465
551529424
141401097
1731634871
698340073
503304552
1751973373
821009
601315495
616975587
1715292124
1801337710
40706195
194903809
100000531070666
100000187417134
1332261359
1050663276
100001126071224
1511899000
100000212860763
606217351
644391681
557002925
1317685
614539501
1343152417
598912013
816770257
1022043216
100000493371477
537094269
752782916
9384763
666390576
100007012834935
588238058
1437436942
11314627
1319873788
501012860
1329780253
780399044
577256531
1329780147
3435469
1671039990
100000335085242
100000333447139
1329780576
558025533
543256398
661979497
532398249
1613726
1329780667
713506373
100003784244603
6113639
1572348794
215300051
22807545
1329780414
557431373
1329780353
215300715
1329780712
1111164
726006352
9002429
100002171262614
688430701
100001031545915
1518585542
1329780632
1329780520
681689832
10515956
712184
215300682
100000239836717
1400106368
100003888421125
24808051
1329780034
721735691
22303993
709169553
1329780509
31508919
18000256
712262
1329780636
8829935
692535073
215300147
431109
1329780096
892045530
665815589
518102740
201003255
1091424290
9505758
100001304035750
517677639
2812474
106001158
2735732
33709323
1329780474
11323862
40706309
1329780300
1604481147
1572775366
1329780397
590312357
28901117
8110951
931414
779780556
627861530
56602068
930778
1329780192
1260461606
1329780264
1329780469
751595505
60402439
100000048077946
617081
1497780089
1329780670
100001295978906
681540798
9345203
1329780164
507479987
1329780602
506088033
12459740
8832651
24806181
18606542
22805410
11323903
8845889
1329780552
1329780118
27616668
25821592
713095216
18506544
47602546
757010130
1329780233
1305996919
26111318
24305445
1180927842
1329780136
20802091
20106637
47801448
60402369
20311595
100001991108750
1039084709
6913403
215301143
26112874
13810478
1329780077
1342362008
11323906
8111753
1329780683
1329780747
2361898
81601217
1012244322
22306545
32704184
80001459
1092390277
512394751
31509008
9508429
1824143
5524868
1329780761
535744119
14311906
215300144
655255257
13810224
513285
24504076
27609606
616820328
26905022
6913702
144400624
1437720029
1329780338
625882
1329090723
24807379
1329780060
9376977
24808167
6225384
1329780042
782315544
6111866
8847062
28806181
503482396
1184372745
28805872
532226699
739530067
19609511
932914
722455772
77501751
658351292
663141365
905355065
198603623
215301404
215301555
213603027
502359723
513666195
47602581
38810244
43605930
687496322
501233287
215301349
100001521292071
100000401886302
9380584
26808808
807242450
24808434
1158829434
932492
20106192
18417194
1430199823
1329780298
47602570
18417316
42417666
47603070
500741891
45607683
26112331
745121729
31509222
215301381
59803054
215301371
100001570902434
1404014136
26110945
34818
215301582
863410499
671110839
642325977
559869464
573392256
559497022
535253143
1162833897
1105360820
718006313
706868582
18205432
19003377
20106682
2301711
840395
8824723
6237547
5738303
5410494
6850999
215301109
33702875
54900747
35405221
1329780076
100001428338813
1348549542
1671206744
100000510287008
1329780461
1329780757
1051730872
1329780490
13806164
1442045185
721144458
556670462
529970196
1329780565
1329780447
1329780114
1057301833
503924152
100004307623926
1267708845
1836088108
215301225
6238366
215301224
100002980380126
594905542
16004409
13809922
100006510007233
777630406
53103144
682620194
198603353
680883576
215301272
675480455
1470815643
1329780546
100002355370809
100000632936954
1637573392
1329780543
1329780377
542711935
500577340
22305919
100004088805060
100007156774547
215300765
502869116
578495952
100004372595898
1329780137
708430172
616760531
693547284
690125320
508379183
561625650
1179912047
1287382445
9377859
194903238
45106789
34805447
100001460882686
1354389693
100003146402347
100000140117615
100001006906483
100006568990084
1339500058
1329780166
1216587780
100000999831171
1141993390
1093980007
1075328069
100006147764466
1320371900
1329780322
100003165472749
100005645043592
571198465
1129728047
1659971229
1329780400
1369292359
70400812
100007780628627
567300551
1183575326
582603007
557707502
100000312422812
22807894
1031338380
9130569
520266613
15726078
100004070765448
1343790057
100001347514968
740344248
100000643055595
1792435391
760650191
14314590
711936367
100006975422139
1251953229
1081137353
8102441
1080894043
673076684
534033330
7823970
1329780433
606274567
1179087780
100000145893519
555561414
100006028025229
1700420509
610083906
844705353
1015930838
1082259401
100000029743091
100002952545005
1613252292
100001997829856
1334640467
551562818
1770282990
100004183840272
100001408668567
633903293
1333920197
653445079
100001145770483
100000677797269
Id:323480967754737
Privacy:CLOSED
100006089382538
100000790181163
639318663
591534548
100000135356385
1439564212
538127360
100000141051602
100000332676255
1307241226
680513148
1341753150
1215663927
1324791623
1302585924
100001440946820
705484778
100001386731909
100007396233116
1420055159
1356005201
1636238921
1527507544
1383603590
1640804549
100001404916624
100000090340777
605769771
1357757982
100000021441320
100001424251288
100000053905086
1151971273
100000551858395
100000247794160
1820221149
100000007223930
1350281184
100004109800875
100000525327999
1217424509
100000154920170
100007820411673
1821010695
1391791115
1404667220
100000954069638
1303617655
1669962782
100000442687387
100002702787555
100001311052776
1490448244
1286809736
100001136642534
613661075
662337720
100000930458124
1142513413
1704537488
542369010
1368884677
1015617230
100002485790004
1542013477
100001994911026
1339820863
100002443824032
1428720282
100000047757280
1570853779
1384207600
1639167533
1775218096
712169010
100001439324104
100000820766458
100000080122938
1465074853
1343900909
1628089971
1517901714
1434990215
1435385108
559185957
659938453
1411163188
1134087504
100000056224718
1666340925
1444014406
1758200681
1142746822
1301017155
591108128
1221286512
1655670571
1332652953
1618590067
100001436201428
1276082868
737505634
100002532723652
100000175027153
1532531560
100001191027872
1528525893
698911448
734414318
100000093812199
1277513989
100000054663161
1413459093
1413453550
1288651792
1571051704
100000132705107
100002103026764
1820965225
100000020644880
100000446379198
1124112669
100000019581118
100002021979109
100000161918859
1636000889
1344924004
528883698
1241204865
643262468
1236334624
100000909165212
100002503624357
100006504280542
1826453773
100001150061386
1095586195
1340891164
1345946238
1469335124
1156443407
1312353144
100000140702706
901130071
1109910002
100000014839109
100000189372374
1415771048
566032704
1171675912
100007856821216
100000158430547
100000148134618
100001180730807
1114996152
100008060704105
100005905507666
100000717267559
100000829917182
1666549529
1211715634
1615972603
1355212639
1501442412
100003992358804
515048820
741670196
671567593
1337679867
727873351
775608064
1362190646
587609906
100008028634349
1290520876
1064743048
1715292124
1673777011
1062332610
100000429256662
1311881259
579201234
1129058936
575412168
100002637281786
100002377208697
1315687029
100002709450893
1244041075
100000030698330
100000060440470
1503352301
100004618532549
582768504
100002535546709
658258840
1339804161
1025318109
1681001454
100000177177818
762430967
1454977130
566388934
100000009420608
100005000173849
1264144865
1091847633
100006311881495
662054506
100000033373976
100003805605892
1348010495
666973211
1105243598
1073840071
1312307411
100003737949260
1232160665
1695487998
100000049473841
1513466032
717907941
100000580398358
1211508934
1318322054
1524084262
731337669
100001554818000
1496717363
1290508114
658938080
100007367531680
1367220500
100000720914879
100000052635678
100000065449420
100004059753165
1643808390
100002460283127
1343437575
659982205
571609226
1068951302
100003490861989
1798143884
646686483
1633237793
100000713054075
504457342
100001188621545
100000001811566
725864212
614064708
1595107062
1054135952
1201196338
100000017926780
1379456081
100006715232309
100006638946398
1131218222
1106712075
1318883952
100003237723685
100007403858747
100007577891635
1553225783
1104600163
1213986310
100003891237123
100001160817648
100003058787353
100000258368852
100001076525183
100000036031516
1383123160
100001469747803
1603774715
100003186617236
1832335797
100001830590348
100000217377373
1406004787
1317501857
1477491885
1224066467
100000198408068
100000036446306
100002479629510
1217435954
100004001900736
1622544002
100000253122590
522702238
1753880955
100000006236432
1402607529
1321143467
1565733402
1409089854
1324191356
100000359254208
100002120296035
1253515456
100004132930123
571188309
100002009343812
1319943421
1387131822
1432124302
759527001
1583019852
1173304954
1389758312
100000872417889
100000429918673
634284904
1084607254
100004091503967
100002188540529
1209354266
736905131
100006254045183
1560285317
1357747812
748994365
751161242
1322645251
1049739111
775885396
100003646480215
1354131110
810890037
100000372000051
1504192052
100000077835668
688602583
1225270450
1572673622
100000604868345
1099902722
1460652157
100006156995482
705997583
1661783503
100000035687757
100000347851306
1080177597
1780705523
1079210636
1796255579
100000101659126
1095384531
100000653415020
1619462040
656068890
100007237081874
100001727030396
1550150680
724572003
100007034503305
539242999
1344858372
100001474736988
100001068046863
100000176313096
100000081048576
1441390242
1564883607
100006477555976
573290937
1850811517
1167073516
1334350239
100000153936586
100001530321237
1314537181
100000710827316
100003962514102
100001633330173
1138606350
1039619343
1170284075
548382601
1439334905
100003042643410
1494863423
100005623835919
1255142118
641332760
1466867753
1408383203
100000023264405
100000053216831
1293708688
513626498
1076570569
100000085724592
587577950
100000225942011
1583183694
1580805297
1438735543
100000545845137
1546407918
791135081
100003773142288
1090118956
100003810253146
100000862010968
100000590566957
1383687889
1345928054
100006124085666
1066234448
100006562986799
1459713902
100000318559150
100001235022566
100000486064788
1434664423
1819440578
100006047684086
1272601208
1495168069
1343933525
740283788
100006710623154
1086992744
100003756213857
557775731
100001060622804
100002438098352
100000025607493
1214269513
696305784
1662521618
1540089215
1223852222
100005701322875
1067575587
1444719451
1006484519
1374071404
100003751245378
1698940442
1152429025
631108403
746870288
100005634725831
1593752867
798692369
100004691101068
595415204
1320431982
100001423584529
100000477988395
100005420383847
100003932725473
1176411905
1788080720
1344529488
100000151051261
1134785593
100004310557216
843385542
100002102914440
100000582878059
532381856
100000738512106
617757971
100000872353510
1416144222
793852841
100002685530780
1467794823
100003895240992
1246047062
100000794715585
1823503430
544012069
100004207926478
100003186112585
100002760454498
100001448412762
100001344388219
711649723
100002313195142
1393710541
100000309729757
100000490294116
823994558
100006580292163
1468099242
1617071804
1646097334
744443894
1315748165
1136191244
1403482346
1374106302
1781001868
1139469995
1784753809
1418749015
100000270857780
100004050084437
100002105619504
1030511135
100001052250334
100001158955029
100002322762654
1094928698
100006006961589
100000158723957
1443522184
100000004299706
1178867498
1545112559
1146930550
1474707064
1633200463
1750812274
1131436541
100001777148701
100000082816510
100001439932394
1807452475
1110247010
1119926626
1250008255
100001468315756
510077979
1766084392
1471215428
100000015162302
1303187379
1202051871
100002489138774
100000871853819
1835775182
815070724
100005776961142
100001441994753
100001261698272
1380591092
570004435
1521824229
100001500612916
1060901389
100002790544055
1755534949
1583767074
1824173158
1097423307
100006574714047
767697199
1034007290
1105758325
760736725
1519419370
1178651839
100004558176914
100001285285215
1462827121
100001272652400
1193108025
100000142097833
1521013933
100001676077269
586592929
558822592
100001146280978
1388438223
100006627690143
100000081805675
100000339904610
1720375289
1480196978
100000565381335
100004550643236
100001088230223
100001044135293
1499160173
100001511103839
805019837
1183978468
100003329310160
1365457722
1298145694
1282004390
1803595657
510927608
1038892563
1321200496
1843156506
1639087042
100003384071465
670485426
1687203449
1479019232
1023338371
100000082291255
1479508004
100000319645168
100000988822069
100002097147700
1320801661
842554633
1142984982
100001418495987
1770475220
1191635589
100006598411076
1569217785
1216193552
1798638436
1836177538
100000265729159
1465525241
667441763
1142406605
1405179708
1364346873
1309986435
1324974905
704257083
1321694873
1128101560
1201117552
100001253827974
1654177842
1547161144
754080505
100001193546508
100000154971881
1693590112
100006429502473
100001129881517
1505580274
100000938286874
100000183278611
1395360437
100000295927701
100000144444490
1548026020
1347753181
504531183
1564200130
1785410843
668003099
552782067
100000172447177
1838060706
1682329526
1392330693
100001086563551
664954441
100000153759857
1848224482
1463114304
1193416816
100006486786678
1097742584
100001373250335
100001325317188
1423092666
1146963267
1244011391
100006480143425
692895771
100000004295450
100000105762313
1312773889
1301968328
100000526733615
1390683027
1376834035
1779536922
1439163407
100006550263652
1402723975
1458519812
660171488
1420549495
1108582676
1489145300
1543826204
1438551932
100001150826639
1532826056
100000142299761
100006491168989
541246102
100001854374068
569462396
100000324791621
1510164739
100000042004150
1144077984
711776747
730148003
100000287647840
1052317705
673843853
1457892842
1840786870
100001340416415
100005368244315
542238638
100001661760156
1494035319
653038614
1388594305
1782254358
1592772167
1818130358
1148006818
100006505981684
526600839
1361919884
1582681732
1255426171
100006092411532
100001310882408
1610152179
1084307176
100001597975021
100001184154067
885885402
100000143270646
100001291567617
100001166712913
1123225924
1043467966
1326396435
100001159712292
1599383520
601659789
1519308853
100000163364403
1500526719
100005663047800
1667243181
1398877521
100000002451804
1347646765
1826560811
1481762006
1023320652
100000066976587
1539372069
100002532124847
1241157737
100000150109113
1203337466
100000085460341
1370514157
100001833283549
1256073309
585590756
1105382865
1417481261
1371589881
1624340266
1285101381
718534533
100000363572141
100003015555766
100001304299801
1753704177
1109727501
1538985347
1085741340
100001849488841
1401180276
100000703526212
1300372833
100000036733680
1453296649
100000250734010
1717851406
1346100367
1032880908
520693856
100000551231132
100000265003602
589079318
1541558808
1502574095
100000115035414
100005724486563
100004135089852
100000934944492
100001179392111
100001853131647
100002999287627
100000225634297
100004198209125
100000010198545
100002518558902
1599867121
1438462261
598434155
1232492978
557351098
547688782
1437078443
1096165810
1386598106
1578034548
1218199448
675713380
100004248488465
540007074
1001881884
1413727852
100000163657123
100001231745922
1409527679
1379744986
100000009782532
100000263660425
1841656785
1043220639
1636179237
553223202
100000030484223
1411849103
1345648013
1456795699
100005950921448
1321826907
1203495186
1421375665
100001264209278
1773008512
1846425381
1227426323
1404571786
1588390808
1375681454
645740819
1776416226
1118474589
100000709424775
1423937808
100001095654211
1828247637
100000052127362
1128380073
100000061647098
1499627247
1290058514
100004297510412
1106739305
1261422959
1064056849
100000398421730
1431075310
1032421768
100002359351576
1583106928
1611536976
1803872397
100001242554854
546116228
100001276702742
100000047251599
1442321024
1043943595
1812743721
546224141
1035400132
100006270121551
100003804881017
100000913782813
1504872103
1639213817
1504270522
1558865890
100004727974755
100000147194960
1323306658
1361492241
1820143307
100000273046239
100000090373963
1404634603
100000413544027
100000111878435
100000891278621
1279242548
1212590199
100000292394011
100001134761394
1437770675
100000873768037
1188555142
1473532712
100001330259176
100000112941699
100003929250986
509667783
1183764474
658167976
1445144557
100000017755714
1476507347
100000661694596
1578828826
100004392042043
100000512856475
100001097790791
100004263365049
1360554802
100003688030016
1146814536
1516232488
100000052051561
100000237840460
1567566697
100000071940370
798367939
1711881477
1458701229
553052158
100000116225233
100004373434414
100000030325985
1172287222
1321654904
1516267014
1407181031
1668802101
633476520
1459959485
604164633
100006110372994
100000517025164
100002483162599
100001775822678
1380352360
834698873
100000072797797
1258024058
1294895017
830728414
1408235765
571108330
100000224093779
574735003
1303023190
1525110216
100001084051146
100000393235051
1647537728
100000099351011
1200798514
1481449957
745555557
838334343
100002345195574
100000259449566
100000346471621
100000143732876
749683566
100000749095859
1279360278
1075564691
582898000
1298638549
1100005720
1785076665
1546062798
100002470040072
100003315190319
1335628387
100006130355749
1198849944
713456143
100000645217661
100000839412981
100000520520642
100002576935089
100003577848788
1216215058
100005710992938
1805664301
547896203
853084392
100001707226038
1354393242
1555511905
1793863459
100001434025356
1007651841
1033888641
100000813862878
697474153
100000011612558
1386499976
1170099405
1562684915
1100951179
100000917179293
100000480278657
1339024052
100000019125977
100004184830359
1349691515
1245331870
100003628451923
100006090579042
100001805480365
1092421356
1608202941
100001270295782
1163303996
1352576594
624654698
1476124966
1343453363
1422802299
701282587
1332305194
1523455688
100000362881465
1245720281
1731412383
1212594312
1218290596
100003865817556
1278550979
100001206985545
1552276546
1255717555
576901271
534763433
1024094662
633373503
1229421349
510187846
1624591967
100001017722869
1517989697
1504549521
1807590343
100002580337200
1327916844
697769399
1802499652
1058164157
679697748
1326709668
1314063040
1834066074
1274248183
100001237594354
100000504968975
1285547581
852535391
100000119870937
1474255634
100000185545633
100000099073806
1560556760
1566376616
522963327
1497363538
1712131003
1388023826
1521671591
100000211917259
518938364
1524705801
100001431618651
1523595269
1407191044
100004007590801
100001105473449
100000490177492
1193835981
100002649524054
100000209881589
765141257
1066899391
1368079946
100001348166321
1338606176
1542272059
1430539081
1495251255
100001571031702
1555897242
1152999431
570575710
100000041517626
612506173
100000128115029
100000144090509
100000500192976
1227497947
100001262220827
100000353550197
1167768221
636961870
100000474061567
1281388038
100006063482482
100000489942521
100002545401248
100000172051123
100000589636242
100001308294076
1485525784
1252632983
1249126450
1851074288
1072102176
100000820340944
100001272542773
1328422933
701016563
1746653312
1142131399
1348605471
100000400520737
1628087794
1272264553
1574324834
702051115
652050476
1333275162
100001117686768
1061898877
1435756780
1483397496
1237403643
1434332076
1437400224
1073148550
1836057693
719844849
1527166545
1716831468
100001138970727
1267693773
1546756742
1297080899
100005634039613
1817860620
100000500550888
100000152647009
100001920887411
753339907
1598328302
1406463406
1362650500
100002893878784
856014758
1346004446
1088349811
1740340452
1621111627
100000101840911
100000123455136
1565587151
1585788617
1327850922
100003157917361
100000204141983
1568331963
831347968
1520290620
1784084062
100000325059934
100000097455592
1248000535
559888408
642768364
594356283
1076059259
628198362
1575667790
1432961915
1101262540
100001287176441
1452495669
1056676546
1361793680
641235978
1347584756
100000548925039
100004110426989
100000039420192
1683926105
1085647971
1612141486
1375549024
100002970189981
100000291098020
100000611700406
1628675774
1509714281
100000095998358
1450830789
1254708881
1404547652
1488384212
1679906858
718446848
1199766209
100001239781637
100000107501988
1452693681
1132273029
1373222934
1061870397
1503639262
100001573091864
1109881295
100003886612410
1496865780
1410822583
100000087293557
1159800128
1520797370
1528735834
1258523647
1159389620
1375643742
550561031
100000489177157
1832838561
100000381855107
1150160325
100001238701900
1664166672
520490002
100000001067870
1837550981
1338294511
1538005104
569172946
1784379653
100003180638720
1501155102
1366946257
1285970301
1737250787
1501271713
1342862994
1333355502
1796648238
1550004257
1442795786
1271872981
822826520
100000600096325
1335777355
100000251684440
1563548495
100004052223234
640437941
1103454538
100005887323495
100006020740631
1832638324
629808131
100000546104821
100000020595633
1370341990
100000148236906
100000517974307
1496584992
746190455
100004228722393
100000381604029
550547657
1185337105
1104234815
1265739584
100002702719253
508486352
1216483740
100000511084102
1432551837
1211751039
100002357415902
100000223408035
1356287361
100000514429510
1446882669
100005172999666
1634976236
1059795127
1193900122
1306807003
1387922185
100003879891005
100000259885434
100000095502864
1218614728
1396517352
1077295592
1375693287
1005596067
100000462480349
1435655134
1008682353
1581963582
676194866
1832884764
579118215
100005458111910
100000455966875
1733222568
1419873037
100003373821700
527150571
100000079629877
659771835
740915240
100002416651254
1449885503
100000203034208
100000096912074
1695079713
100005372434012
1293656455
100003585573670
100000002677599
100000198032815
1531447610
1075069942
100000973607217
1811443355
1383508145
1052048910
100003978904688
1501921336
1180491922
798113765
100001656025650
100000044554921
100000543432252
1784915939
100002386530779
100000837552770
100000135114343
1581882504
1367865257
1324987702
100001509085327
1667058458
1176447292
783838766
1693226222
100000218572181
1024898873
100001388453848
803546683
1525438240
1682160544
1366059966
1533962725
1425057778
100001526235424
1664273354
1403043266
1222553541
604092283
1151923771
100003063171058
1732347121
100004098703772
1076852316
100000479286167
100000119384669
1441095973
1061927560
1481764935
1337958665
1171203044
605314687
879650290
1772861077
1639112912
1114294632
100000066062277
1449653116
1066171521
100001059329231
1608829015
1137341941
1615113096
1526951579
100000058083344
100000461831570
1457663362
100000348813058
1217728474
100000099911528
1605577978
529262226
100000569907780
653495688
1463504835
100000223870543
100001131692686
1647364782
100002080788601
533262996
1374432686
1531567057
1532565198
1633285044
601012706
1285274152
1314278307
100002134975030
100000099306070
1333066732
100003825515606
1155666387
1031686815
100000400871134
100000081941392
668915459
1500374983
1169857632
571548509
1796477906
100005815114993
562216168
1283090794
834137073
100000675658084
1326480943
588684851
1317738753
1366335497
656251984
1704861912
1491079797
1050407991
1471466861
761609711
1280957594
100000138909584
1012321535
1659071717
100000062262078
613465728
1497570037
1079143999
520318580
677094728
737462924
100000329370297
100000247610606
1442166177
1088882839
100001026287311
1672831998
100000190384158
1559653479
1540326621
1188783601
100001383517353
1002009670
617083217
100000740679588
1374685690
1514613168
1421438129
100001242002948
100000178262160
1357354051
1411477673
100000338861322
1352255234
100003186100589
1246107294
100000226297418
100000194210507
100000364860375
100000240109285
1128193953
534629383
1403906970
1515814076
1609906022
100003957663029
100002525414153
1586373507
100001061781467
1319509428
711701973
1408966933
1351487086
1234352823
100000011788308
1399268160
100000833702994
1086759567
1427092044
1600913059
100001212517145
100000003130448
100000053313970
1317646759
100000099223650
100000088515970
100001371741212
100000703265547
1311508666
100000217894351
100001385860175
1095840894
1262926003
1543291246
563398523
100000561511357
100000045398357
1635082140
1307860376
1694683299
1458180730
100000033423539
780342481
100000280536256
1065080485
1543752721
1581261673
1497992056
100001284850560
100003336908396
1648250568
1806917047
826259081
1539315659
1583535314
1351652769
1194365543
100000130914898
1515211317
1210594179
100000081493508
1399970127
1372447045
1324526733
1761474509
1061580609
1539830084
100000582257608
1516334319
1475606735
1108356602
1169658415
1435356204
1393292823
1362562329
1704291753
100001343952146
1685502050
1735748212
100001848707555
1679763548
1672653541
1331818046
1575606566
1180401700
730395239
1541837144
100000039541209
1031082945
1533164875
100000601938172
668063803
100000832615708
100005813342160
100000432067378
100000338042933
590348332
1097180866
1378547616
100000260858826
1822413310
1360655218
1244731138
100000566893514
1832143067
1366848286
100000531541093
1284140264
793893451
1798211444
654326574
1807693118
100000058092951
1824765888
1346828219
100000467596499
1472852622
776979677
1718840534
100000032183153
1330213117
1536554047
100000163007444
1557798932
1129290547
100000340423795
1483638500
1343925050
515081225
1642956708
1814182857
100000457130928
1234532633
100000003501134
1448531327
100000199630397
1656874137
100001468636567
1481881723
1595709336
1483275885
100005135104819
100002589427716
1154352013
1507316949
1648910919
1678026496
1287660882
100001240983894
1236772537
100000440937081
544738737
1069200605
1365735625
1219791216
100000123873623
1588246740
1203133309
1225551361
1842138653
100000456058115
1538586072
100001311616288
1006197101
1179916070
100000352272967
100000101179531
1132215981
1587007927
1789269672
1528447083
524003385
1079153257
1729831049
648563070
100000596081869
1116698279
100000241541214
100000171850206
1842170575
100002629819213
788165520
519789727
1846253836
1029873540
1402680166
100000178254162
1548518812
1615380451
100000167604056
100001416707205
1047199047
1388928348
767634876
592182753
703012266
740292825
1441339296
100000786210006
1633518939
1601596642
1415516518
1474482526
1432500277
1375035726
1361271462
1622391966
1231831538
100001135607412
1405195513
1502245262
1272409704
1576022803
100000268586808
100000134152236
719331103
100000955123468
100000095218148
1273617027
100001078179178
1452884331
1815888493
1201136681
100002778657552
1379497586
100002751314824
100000511780289
100001433707466
100000940374073
1382061154
1426635991
1478181090
1460332592
100005755867260
100001266787487
1209670065
1515457058
100000306564350
1495016845
1121768010
1650866023
100000245278415
1088471866
1408443442
685179415
1000886954
1199933762
1254932414
100001862112848
557664929
1556792892
100000447477170
1322824494
1138611954
100000396764692
1402121734
1206692593
1160252167
100000826614057
1201134280
1772694597
100001063512749
100001314446156
1562654836
720294410
1511546984
1444789507
1740806975
623398143
1439074835
1700094808
100002104999222
676957714
700919179
830389534
1546360868
100000891287657
1277637156
1027421264
1142341200
100001049171597
100001481113016
1679852399
100001443474501
100000473974830
1358197390
1297294310
1343905908
1727098780
100000030658481
1241616454
100000084741411
100001047202474
100001099762941
100002571185926
100000008325003
1645857335
1312656993
1138772225
1071531116
1012751575
1620883819
1538205517
1553867048
100002892082818
1140954276
1381386304
100000417703121
1357447481
1540311027
723168261
545267168
100000024771530
1312923396
640074714
100000550100964
1444871000
100002280762942
1004738132
100000607466322
675555773
1286228935
840834291
100002480619049
1271841797
1118824479
1629750127
100000380421481
1229315860
100001460447245
100001146942975
100000082427679
1133032291
1375254276
100000167481433
100000192406189
1458856677
1513719039
100000115813650
1525027290
1254510998
1484474406
100000007598319
1667351475
100000662318299
100003578861433
1474540963
1174611404
1323170303
729868276
1295581030
1507023802
1586911537
1385686969
100000263292450
1259643735
1358953360
1380219331
603732143
1304032682
1838878447
1648931584
100000013279451
1844072658
1381547443
100005738851075
1035098152
1061191260
1224412810
1012557894
1378514210
1425575732
1255723978
1325961785
100002172270700
1342702139
1221735797
1078136090
1196321479
1341021073
1385771935
100000684520673
100000873154307
1047386793
541227860
1760930853
1852007928
1641258834
552806386
1414015500
1092420376
100002335876771
623321723
1140532657
100002255824802
1458827388
1008506852
1566973543
631889148
100000313686150
1388163095
100000158490809
1231616578
1337499503
100002558161552
1731919525
1839725279
1815612282
1415475282
100000024133300
100000271449096
100003829258251
1259703690
744939297
100001094707858
100000102975049
1385381137
1467950795
100001085336937
1434557338
1698958773
1377510570
1126428213
100000543641089
1167819495
1386102794
1850449679
1194647722
1610977881
1188429400
1494425511
100000739887502
1282456894
100003251748469
1353705817
1554963011
100000036377623
1308231294
553741414
1475678254
1490533955
100002737080414
1296769731
100000292950630
100002375006251
100000020408423
1239553573
1120200705
1025857672
100000959229685
100000538358608
100000183523460
1210483946
100000496366630
100000092138485
1828395072
100000945450135
1200125145
1185716880
100000072098806
1028471410
1049108128
1228866098
1453959931
100001192982096
1089081175
712382581
100000173793770
100000380643997
666648000
1416410164
100002739888196
1660471419
1837051721
1004035202
1271790516
1415576332
100001886472628
1674549836
1410020266
100000582645672
100001722871289
1273943369
100000148913593
100001469079737
1296443413
1522526132
100000193156349
1500523946
1503860457
767992224
1022359160
790222173
1065445297
840402163
1395189999
100001281230069
100000076941408
1295306698
660238535
1336326107
100002165915426
1533047172
100000100916735
1391933052
774533606
1058300396
1242708358
608438512
570769684
766460751
1805736657
1351885638
1024316428
100001791470723
1595232008
1093344515
100000480467867
1404489232
100001970139852
100001689456861
1351430070
1021995938
1433589412
100000090309920
1740685921
100003477050514
1216356454
1513854029
1154280379
541258634
658958047
1205216119
100000764673750
1165070288
1151168443
100000377497290
1548510721
100000427871279
1170612175
1167675641
1347548698
100000092859366
661210488
1017092979
100000032795199
1546773687
701068642
100000162987230
1686233243
100000069145857
100000434067135
1063593400
100000917783985
710507599
100000563582271
100000498868320
649574041
1007547270
1546081968
541989747
1325233971
1381753688
100000150120037
545514586
1227821617
1246801890
1834284609
1195441119
1640868086
1638313119
1782690526
1713751007
100001076365894
1749680096
100000109710255
578352905
1440197263
1416668640
100000087351976
100000005144581
1496686196
1179965293
100005535909103
555357647
100000143101040
1441185352
100005055187167
100000246666152
1388901971
100002052453370
1752322633
100000284979564
1546953558
1443591734
100000529249529
1622611822
1703378948
1803620632
1470439467
1491887899
100001236543458
1844103400
1309217324
1409976621
1022746006
100002270295509
1672794381
795495483
1515829864
1465748669
689943343
1401021076
100001863985775
1669776359
1413352290
1503166039
554289714
1810150423
1388615189
100000266022348
506995142
1271210245
1754833401
1441634891
100000575105855
637898987
100000493033135
1614973687
100000172770015
756124597
100000247699319
1438482788
100001077636957
1427566564
1587416747
1413913453
1044534485
100000741975280
688147427
1425694861
1258124764
1847714946
1368970646
556988457
100001247926336
1851178097
615813960
689673504
100000004450848
100002577478339
663196513
100000814547111
100000633657297
1832836405
1246308735
100001313236343
100001090307415
820603816
100000912734726
654213820
100001411913493
1428872873
699328871
1680920998
100002608651853
1609556339
1621331369
1187010356
1322253317
100000758888082
100000032325166
100000818897440
100000238400642
739100927
100000099886222
100000345323158
1807052510
100000026333248
100000021512011
1825489397
1539671300
100003986414804
100001270864577
100000348649628
1269810235
571638190
100002804878136
100002922226694
1524427177
1546853981
1041735369
615869691
100002501222661
536551584
536043198
1060734229
1814594175
1270625423
100000080865655
1358541870
100000140232207
1797858260
1324786213
100000092863741
1519261440
100000167691006
1343285082
100000241246681
1812324482
1370587494
630508369
1014562172
100002546098137
1532168293
100000021991322
596758572
1757993344
1046647890
100000126361547
1483744148
1367512754
1471287558
1818538295
1425318871
560849238
1321573008
1287812465
1681422777
1834609731
1242133502
1101962788
1643831781
1535663663
1733543486
1129495563
694834849
100000457509220
1351101963
692037091
1639838848
1789184594
1395517664
100003284338451
1082434076
100000222942526
1317303353
100001809846502
1526697043
776368407
752758852
1458333713
Id:175850789098403
Privacy:CLOSED
8205063
1533962725
100001028836405
1209139574
1341980374
609240793
1399835447
100000026970050
100000164947294
659135236
1479464528
1798188362
100000909165212
100008221293525
100000221178003
1289666732
100008365216853
100003922437867
100000849544278
100001425772799
100006661036022
100000358376342
1770994577
100001263071312
1631392656
1331778524
100006215863249
100007035037742
585521640
1142513413
1487744334
697082312
1201232988
1123461009
100000061647098
1410272042
100003032738349
100003672291601
1715292124
100007334594507
100000307841479
100000380837908
100001728206959
100003901007523
100006747632864
1105482124
602258335
100000612522567
100000346471621
1248625251
1523455688
100000175596935
1734235635
11824209
100003215039025
1733871695
100002205881762
563765219
2729595
592743696
546838876
1391190071
2721696
2718215
2720123
2718915
2707432
1229635950
698817724
561645150
100000026483204
100000627559377
100000201671844
765600521
1548600727
1657271597
706424195
661965935
1646491882
708496286
100004302452718
2713280
100000408935763
100002534655321
512464768
15508713
1667955898
1823584003
727971907
11402719
1015134097
100000076671320
1388918002
1609007814
894890561
1054563559
1331712820
2731327
1438832056
100003312418458
566216495
1250797890
629050167
100001915237622
61100461
1448386907
100001007841247
1550689175
193906125
644903709
1372761009
2735956
1011285579
1267445191
1468847958
2734309
2735891
100000068285572
842424839
569855632
710501749
1133598191
746739391
503859178
695827357
1388423079
596525936
1368328425
1356864841
1304492237
662387447
1405380146
1215311502
647290347
1631111088
645156201
1394190063
694181830
1215101307
747481543
Id:495626353845697
Privacy:OPEN
100005025134555
100002273059243
571198465
100001295978906
100007780628627
615616643
503924152
1522141368
100006028025229
100000145893519
1031338380
1552502325
1303461312
1700420509
100001730592137
100001392284947
28805926
100002952545005
1329780565
1836088108
100000056728577
100007156774547
680883576
100006472931618
100002237784757
100003146402347
100005645043592
1331760308
508472119
850794137
1582887220
1226018273
552978187
29416164
1834398382
100002355370809
564545694
610083906
703000909
675480455
100005918108991
569768747
1544670723
100003819814420
1792435391
100006510007233
1406389459
100001585367867
1775353616
100000676331907
1383861045
100003603501999
6913702
100004824994627
6225384
215301143
9376977
60402439
100000804363064
40706309
757010130
1260461606
13810478
213603027
823679
1329780253
100000029743091
513666195
1329780136
18606542
132400171
1616692309
1403802645
100002539422942
47602550
10912194
1815203135
8111753
1404014136
728581653
1329780414
1340610239
31508919
1158829434
100000333447139
215301582
1099774729
1329780298
1305996919
559305556
532398249
780399044
807242450
1342362008
559497022
1162833897
1329780114
721144458
905355065
13806164
19003377
1329780490
33702875
5738303
840395
1442045185
573392256
1167481600
1343790057
5410494
215300682
54900747
198603623
100002980380126
215301224
697740798
13809922
1033135603
594905542
27616668
892045530
215301381
11323862
144400624
1329780761
503482396
932914
1329780509
14311906
1329780042
1267533821
100001918755756
706868582
1318608124
24504076
24415061
6111866
64802679
1671206744
1437720029
100000173592796
1329780683
8824723
548893451
500179258
52203178
26110945
100005523907322
791125331
1051730872
582603007
687496322
559869464
501233287
713506373
746240413
215301109
26112874
47603070
1329780747
100005154181962
100002171262614
27609606
1348549542
644391681
669799178
518507241
100000090030487
1329780076
32704184
9002429
1329780543
6850999
500577340
596138618
542711935
215300765
18205432
28805872
100005234255139
809595012
1329780164
1754064093
1329780338
1105360820
100000510287008
100005791749073
1518585542
1050663276
1179912047
508379183
1287382445
1329780166
100000140117615
693547284
34805447
1354389693
45106789
1339500058
100000999831171
1329780322
1093980007
1320371900
734019839
1720010419
1129728047
651645329
18506544
18000256
1267708845
13810224
9377859
194903238
194903250
1372364189
665815589
1075328069
666390576
508845907
566364162
1329780118
19609511
625882
1111164
1613726
8847062
2361898
74402140
194902742
47602581
1614522372
1329780264
1329780757
1417444159
100001335349730
100001460882686
100000130276488
1329780469
1329780632
9380584
562420069
575806835
661979497
510016632
547553730
1033500033
769584510
1005420551
849935514
1329780263
100001101595949
1329780377
20106192
674615011
1400106368
100000335085242
699087955
535744119
42417666
821009
541664119
561625650
1178435102
14314590
614539501
1731634871
755067896
1416033497
1497780089
1329780552
534033330
1329780433
505850858
18417316
760650191
141401097
1572775366
556670462
1637573392
602154279
692535073
540368905
562682806
1090080202
739530067
751414365
1022043216
20802091
24305445
712184
8832651
215300051
24808167
24808434
28806181
47801448
688430701
1572348794
1587510444
1685053172
1423242151
1430199823
1440302041
1415477861
100001304035750
100001570902434
100003026156965
100000050865145
100001031545915
100000401886302
601315495
100000414947951
100000048077946
1329780474
561276896
100001415243748
5524868
100000531070666
526725159
38810244
8110951
1277626287
690125320
643763754
1329780576
501012860
602863829
506088033
9505758
9345203
215300113
47602570
100001428338813
1045141649
626747743
616760531
688162880
510895322
1233949289
1329780077
1329780137
808647626
12459740
17507289
22306545
2301711
3435469
4811548
24808051
60402369
215301349
1715292124
1405846705
100001558573189
1801337710
100000239836717
537094269
194903809
627861530
645868796
548654380
562233885
18107458
80001459
26808808
1329780147
132501225
658351292
588238058
33709323
100000606711570
1358640604
616975587
100001408668567
1369292359
623103318
1329780670
20106637
590312357
590358007
632479722
504154629
543256398
518102740
1064880959
1216587780
1329780192
721735691
722111479
722455772
726006352
500801795
9508429
20106682
20800695
513285
931414
1824143
500741891
194903488
25821592
26905022
31509008
56602068
31509222
45607683
1604481147
1659971229
1728529768
1739359205
100004277524319
100000141306483
1329780335
675771888
100001642790476
26111318
932492
512394751
529970196
24806181
11323906
194902660
22807545
1076245995
1039084709
8829935
215301225
1184372745
100001743078848
578005801
782315544
81601217
503697407
517677639
745121729
655255257
1270486227
675857266
215300144
1329780096
671110839
713095216
22805410
100005254354159
100004038957263
11314627
528061339
100003784244603
100004648453032
505241390
100000632936954
1329090723
22303993
141400171
616820328
11323903
16004409
100001388171254
578495952
1329780353
1092390277
1329780397
1332261359
100004889769722
633903293
100001099602361
598912013
100001326337523
502359723
829740391
1091424290
9384763
863410499
26112331
8845889
572145356
1329780060
557002925
194903236
777630406
106001158
1356863343
682620194
198603353
53103144
100001347514968
1329780546
1082259401
1834321176
752782916
532226699
9130569
573375438
100001991108750
7823970
555561414
24807379
606274567
20311595
1180927842
100001997829856
100000187417134
1179087780
1251953229
1329780045
77501751
673076684
8102441
711936367
829379744
1329780233
100003297731918
100001521292071
1141993390
663141365
828274414
201003255
2735732
100003888421125
1338180032
1334640467
1329780461
100004088805060
100000108926283
1080894043
577256531
6237465
745880436
22807894
100002574375507
826793349
1173984628
100002459683883
100005391660488
1183575326
690025005
1329780447
70400812
1091900180
431109
1334940067
551529424
6113639
683438335
100003134687792
1267181603
1613252292
6238366
1751973373
502869116
100000212860763
1015930838
1333920197
653445079
100000978900666
606217351
100004183840272
681689832
844705353
100001145770483
100000677797269
1329780186
Id:467785543299597
Privacy:OPEN
100005791749073
100005254354159
100005234255139
100005154181962
100004889769722
100004648453032
100004277524319
100004183840272
100004038957263
100003888421125
100003784244603
100003297731918
100003134687792
100003026156965
100002980380126
100002574375507
100002539422942
100002459683883
100001997829856
100001991108750
100001918755756
100001743078848
100001642790476
100001570902434
100001558573189
100001521292071
100001460882686
100001428338813
100001415243748
100001408668567
100001388171254
100001374205243
100001347514968
100001335349730
100001326337523
100001304035750
100001101595949
100001099602361
100001031545915
100000999831171
100000978900666
100000804363064
100000677797269
100000606711570
100000531070666
100000510287008
100000414947951
100000401886302
100000335085242
100000333447139
100000239836717
100000212860763
100000173592796
100000141306483
100000140117615
100000130276488
100000108926283
100000050865145
100000048077946
100000029743091
1834321176
1801337710
1754064093
1751973373
1739359205
1731634871
1728529768
1720010419
1715292124
1685053172
1659971229
1637573392
1616692309
1614522372
1604481147
1591941909
1587510444
1572775366
1572348794
1497780089
1442045185
1440302041
1437436942
1430199823
1423242151
1417444159
1416033497
1415477861
1405846705
1403802645
1400106368
1372364189
1369292359
1354389693
1348549542
1343790057
1342362008
1340610239
1339500058
1334940067
1333920197
1329780761
1329780757
1329780712
1329780683
1329780670
1329780667
1329780636
1329780632
1329780602
1329780576
1329780552
1329780546
1329780543
1329780509
1329780490
1329780474
1329780461
1329780447
1329780433
1329780400
1329780397
1329780377
1329780338
1329780335
1329780322
1329780298
1329780264
1329780253
1329780233
1329780166
1329780147
1329780137
1329780136
1329780118
1329780096
1329780076
1329780060
1329780045
1329780042
1319873788
1318608124
1305996919
1287382445
1277626287
1271211111
1267708845
1267181603
1260461606
1257165042
1251953229
1233949289
1184372745
1183575326
1180927842
1179912047
1179087780
1173984628
1167481600
1162833897
1158829434
1141993390
1129728047
1105360820
1099774729
1092390277
1091900180
1091424290
1090080202
1085970288
1080894043
1076245995
1075328069
1064880959
1051730872
1050663276
1045141649
1039084709
1033500033
1033135603
1022043216
1005420551
905355065
892045530
863410499
849935514
829740391
829379744
828274414
826793349
808647626
807242450
791125331
782315544
780399044
777630406
769584510
760650191
757010130
755067896
752782916
751414365
745121729
739530067
734019839
728581653
726006352
722455772
722111479
713506373
713095216
711936367
706868582
699087955
698340073
697740798
693547284
692535073
690125320
690025005
688430701
688162880
682620194
681689832
681540798
675857266
674615011
673076684
671110839
669799178
666390576
665815589
663141365
661979497
658351292
655255257
645868796
644391681
643763754
632479722
627861530
626747743
623103318
616975587
616820328
614539501
606274567
606217351
602863829
601315495
596138618
594905542
590358007
590312357
588238058
585117229
578495952
578005801
577256531
575806835
573392256
573375438
572145356
566364162
564545694
562682806
562420069
562233885
561625650
561276896
559869464
559497022
557431373
557002925
556670462
555561414
548893451
548654380
547553730
543256398
542711935
540368905
537094269
535744119
534033330
532398249
532226699
529970196
528061339
526725159
518102740
517677639
513666195
512394751
510016632
508845907
508379183
507479987
506088033
505850858
505241390
504154629
503697407
503482396
502869116
502359723
501233287
500801795
500741891
500577340
500179258
215301582
215301404
215301371
215301349
215301225
215301224
215301143
215301109
215300765
215300715
215300682
215300144
215300113
215300051
213603027
201003255
198603623
198603353
194903809
194903559
194903488
194903250
194903238
194903236
194903225
194902742
194902660
144400624
132501225
106001158
81601217
80001459
77501751
74402140
70400812
64802679
60402439
60402369
56602068
54900747
53103144
47801448
47603070
47602581
47602571
47602570
45607683
45106789
42417666
40706309
38810244
34805447
33709323
33702875
32704184
31509222
31509008
31508919
28806181
28805872
27616668
27609606
26905022
26808808
26112874
26112331
26111318
26110945
25821592
24808434
24808167
24808051
24807379
24806181
24504076
24415061
24305445
22807894
22807545
22805410
22306545
22300430
20802091
20800695
20311595
20106682
20106637
20106192
19609511
19003377
18606542
18506544
18417316
18205432
18000256
17507289
16004409
15726078
14317695
14311906
13810478
13810224
13806164
12459740
11323906
11323903
11323862
10912194
9508429
9505758
9384763
9380584
9377859
9376977
9345203
9130569
9002429
8847540
8847062
8845889
8832651
8829935
8824723
8111753
8102441
7823970
7821748
6913702
6913403
6850999
6238366
6237547
6237465
6225384
6111866
5738303
5410494
4811548
3435469
2812474
2735732
2361898
2301711
1824143
1613726
1111164
932914
932492
931414
840395
823679
821009
712262
712184
625882
513285
431109
Id:626811220679887
Privacy:OPEN
100004395009070
100004388582859
100004164247449
100004037955711
100003792739535
100003679023074
100003574731615
100003567543631
100003552594690
100003538266874
100003244040674
100003221842335
100002929421976
100002862849648
100002846155109
100002819588297
100002662570940
100002638707261
100002601423396
100002550057876
100002470482735
100002425950054
100002390130718
100002374035459
100002346288826
100002239085829
100002231526845
100002180276472
100002164806924
100002118301128
100002104744693
100002102212333
100002072404540
100002049308684
100002031914134
100002011074890
100002002517187
100001983748339
100001918890304
100001878889956
100001870551814
100001847574678
100001835753559
100001798728030
100001765850253
100001757143809
100001722677678
100001718228397
100001686062048
100001684878016
100001672951153
100001646109473
100001638189867
100001636134098
100001606494002
100001541515328
100001523454145
100001515305387
100001506132335
100001497932387
100001477416316
100001469114782
100001468836432
100001443173335
100001381299174
100001378360942
100001334104041
100001333387494
100001312115301
100001287033342
100001286134197
100001269284820
100001227224465
100001221668474
100001220658160
100001216865768
100001208343329
100001204734690
100001204108010
100001181474967
100001168669837
100001148739377
100001143701174
100001121262485
100001100205559
100001062600890
100001055869183
100001029950464
100000988683368
100000979217782
100000948795138
100000943788755
100000942920067
100000932080523
100000923661438
100000900478616
100000891407358
100000890004700
100000888351582
100000878644432
100000855664776
100000832406590
100000798080830
100000769601195
100000766956381
100000748676961
100000746331941
100000745322318
100000725348047
100000700809537
100000676491536
100000657339800
100000648241431
100000640922379
100000630161280
100000604397559
100000603177327
100000600459926
100000599764139
100000598787010
100000597102496
100000585723386
100000582254972
100000580104682
100000561593975
100000550080690
100000547167971
100000538762690
100000536861394
100000531781369
100000529340724
100000528270048
100000528172488
100000526832840
100000520228833
100000514450045
100000513100538
100000505575514
100000505185497
100000500439072
100000499675542
100000499032377
100000482441749
100000481950389
100000477332518
100000477085339
100000466647127
100000464428230
100000447707117
100000444498881
100000443180746
100000441425871
100000439112204
100000419505778
100000417436823
100000415752982
100000413612051
100000412085754
100000387813168
100000382315409
100000381190808
100000379290500
100000379158558
100000377223468
100000361307649
100000360416943
100000347863275
100000344460035
100000333113697
100000329987657
100000313993094
100000300930612
100000298427997
100000287672267
100000281588162
100000269155650
100000259682304
100000256630688
100000254388864
100000253083917
100000236251746
100000224431553
100000223604417
100000221208204
100000217743757
100000212196735
100000210349368
100000209422389
100000190742521
100000190517308
100000189511679
100000186938764
100000182817552
100000181577677
100000174677914
100000169093855
100000167562168
100000156514220
100000150142563
100000149912683
100000148618443
100000147905130
100000146407247
100000145324657
100000140072759
100000130180783
100000130091298
100000126420913
100000125270962
100000122345546
100000122286551
100000116493453
100000113608736
100000109857216
100000109505268
100000109102395
100000105845310
100000104025035
100000103281658
100000102990037
100000100899599
100000097408175
100000093551269
100000087611627
100000085272793
100000083132958
100000080305011
100000076662059
100000075585640
100000073597323
100000067168707
100000064425002
100000062466436
100000061277655
100000060473561
100000058873061
100000057195889
100000052868656
100000048733820
100000043926071
100000040819686
100000034444341
100000031814696
100000031790290
100000031593043
100000028421005
100000021864062
100000020907868
100000018877614
100000018402781
100000018174192
100000016255705
100000014154073
100000008330662
100000007556251
100000002597043
1851382652
1846927478
1845892623
1838610029
1837089050
1835636383
1833775549
1832868480
1831174016
1830985563
1827621048
1827401239
1822966387
1822167508
1817212597
1814782338
1814137349
1813593956
1809829639
1807153984
1803807761
1803348545
1802725417
1801329539
1800378328
1792408127
1789041826
1786651673
1785138809
1784987982
1776143738
1775482150
1769191003
1765927267
1765735706
1759468131
1753317936
1745068133
1743810719
1740806901
1736466447
1735200696
1725092409
1723351896
1718061633
1715646222
1715292124
1707834151
1705686085
1700591040
1699856373
1697210644
1695755068
1684922873
1681852620
1676847086
1676771926
1674983013
1673310027
1672044439
1668609947
1666617821
1665721659
1665407552
1665313929
1664757026
1662957214
1659963948
1657821563
1657480844
1657247134
1656456580
1651757333
1644818556
1644617721
1643074946
1641728534
1638652157
1638096669
1637736536
1635990504
1634495189
1630691464
1628814248
1622976238
1622409456
1619984749
1618030462
1615076321
1613254050
1611799167
1609976454
1608759768
1608315267
1608161470
1607036175
1606689792
1606591267
1606140917
1605847778
1599069989
1596304841
1594217916
1594120268
1593832669
1589557948
1589528351
1588957293
1586314948
1583642202
1581892457
1579515117
1576414443
1573868117
1572023167
1570811759
1570578001
1570553010
1566475153
1561249320
1557529102
1556613558
1554708828
1549742969
1546091669
1546000512
1545612222
1543568108
1542900321
1540776834
1539856126
1539319851
1537356889
1535621007
1533495348
1529271749
1525506987
1524634871
1524091905
1522780649
1522593707
1518647371
1516988139
1514563203
1514543920
1510485953
1505386485
1504982421
1503336996
1502025650
1500987241
1500457049
1499269902
1497497830
1496294257
1494765531
1494016278
1492511223
1492404258
1487202827
1486525009
1486144562
1485950684
1484050773
1483277834
1481703871
1473920565
1472624476
1472576942
1472008282
1471992729
1468898842
1468833557
1467631745
1466985661
1465637589
1465202651
1465002494
1463552330
1463409667
1463103521
1461712195
1461162122
1460425716
1456456441
1455069169
1454155151
1449850831
1449802699
1448396661
1448094213
1448037159
1447622295
1446249366
1445022415
1444119083
1442499511
1441627561
1440519645
1440078602
1439172911
1438854614
1438605281
1438124314
1438066617
1437406799
1436891595
1436452319
1432827719
1432366165
1431893551
1430351105
1430088712
1427866342
1426548817
1426165467
1422320939
1422182962
1421815191
1421629632
1420193880
1418720310
1418093637
1416841559
1416141679
1415990183
1415975729
1412081181
1411966808
1410949019
1410714132
1409412082
1408087851
1407370661
1407107961
1406975938
1405128800
1404911164
1403717721
1403390191
1398444873
1397726502
1397370857
1396235126
1395697092
1395686470
1393966597
1392542390
1388430313
1387998935
1387396539
1386248950
1386098340
1385314592
1385024727
1382974152
1381307738
1380894193
1380866934
1378430139
1376267560
1372364189
1368036814
1367589565
1367021982
1365458754
1362274342
1361735526
1361523921
1361153521
1360800969
1360550134
1360419429
1359320878
1359112412
1358572653
1355761300
1354550348
1354270455
1353998954
1352897624
1352349384
1350776194
1350377767
1349790846
1348666589
1346992182
1346822265
1344667085
1341324331
1341067637
1339260683
1338938413
1338936050
1338383353
1337575368
1337201586
1335090973
1334542599
1329780526
1329390246
1329390231
1324676610
1322990466
1319714767
1317924649
1316299114
1315838251
1310135756
1307908353
1305997127
1301634402
1301283710
1297088936
1296526198
1290458235
1287747849
1283266384
1282926998
1280318898
1279017076
1277766892
1269135521
1268283426
1267063237
1262156646
1260591751
1260487991
1260092743
1258823582
1257165042
1257003449
1254473726
1251145530
1250908023
1248786410
1246398752
1245153536
1245063495
1243992438
1241002887
1238976294
1237413013
1236290153
1235063681
1227493682
1227261541
1225223374
1224335759
1223684823
1220633835
1218700442
1214255688
1213900169
1211224085
1209190820
1202892935
1202146153
1201955280
1199852782
1199446830
1198299108
1197307376
1192147285
1188772491
1186441952
1185683191
1176349697
1175506000
1168789867
1166032420
1164726530
1164159182
1155495289
1154124040
1149416236
1148071047
1147164433
1147064892
1145203845
1144746508
1143484439
1142403744
1142353038
1136443445
1135764036
1134387544
1133007762
1132984763
1132705814
1132625415
1131429684
1130664930
1130408418
1129813555
1129231954
1128251711
1127691316
1118484487
1117966773
1116351277
1110358122
1108696024
1104000339
1096463584
1095261142
1083866429
1080784946
1077423514
1075703487
1075141283
1073439556
1071896814
1066959682
1063227184
1063195361
1062394948
1062248137
1061546017
1061047905
1060251978
1057492635
1056271830
1056243254
1055463111
1052047041
1049041563
1048127441
1046138073
1044021208
1036813943
1035553133
1034005974
1033135603
1031316801
1024067712
1023879539
1020216000
1018582167
1017619749
1012096651
1007977353
1007524933
1007374987
1006021531
889700430
841543290
840643839
838184560
828767165
827414475
827043417
826574941
809864853
809234496
801866543
801029014
796962070
791076973
786462295
770123490
761334345
751603270
749929663
748623968
746009836
735289844
733227628
729668983
719640074
711779018
706994207
695434745
695328367
695325738
694129941
682722209
678909121
678709413
678700808
678695808
677286741
676548688
660891049
658528361
655092785
654191568
653536977
650575648
642468266
642051615
639807885
636176312
632584506
630520779
628321359
622931138
621166028
618604213
610212945
609980472
604464988
603377991
602519511
598722328
595951075
582743046
579918309
572765888
553448535
549854923
547692920
545809895
545218781
543156692
541152367
537777782
536402242
535512241
534728786
529916447
515372291
504871909
46708182
1652285811
Id:378400348938053
Privacy:OPEN
100004395009070
100004388582859
100004164247449
100004149489888
100004037955711
100003792739535
100003679023074
100003574731615
100003567543631
100003552594690
100003538266874
100003244040674
100003221842335
100002929421976
100002862849648
100002846155109
100002819588297
100002662570940
100002638707261
100002601423396
100002550057876
100002470482735
100002425950054
100002390130718
100002374035459
100002346288826
100002239085829
100002231526845
100002180276472
100002164806924
100002118301128
100002104744693
100002102212333
100002072404540
100002049308684
100002031914134
100002011074890
100002002517187
100001983748339
100001918890304
100001878889956
100001870551814
100001847574678
100001835753559
100001798728030
100001772751192
100001765850253
100001757143809
100001722677678
100001718228397
100001686062048
100001684878016
100001672951153
100001646109473
100001638189867
100001636134098
100001606494002
100001541515328
100001523454145
100001515305387
100001506132335
100001497932387
100001477416316
100001469114782
100001468836432
100001443173335
100001381299174
100001378360942
100001334104041
100001333387494
100001312115301
100001287033342
100001286134197
100001269284820
100001227224465
100001221668474
100001220658160
100001216865768
100001208343329
100001204734690
100001204108010
100001181474967
100001168669837
100001148739377
100001143701174
100001121262485
100001100205559
100001062600890
100001055869183
100001029950464
100000988683368
100000979217782
100000948795138
100000943788755
100000942920067
100000932080523
100000923661438
100000900478616
100000891407358
100000890004700
100000888351582
100000878644432
100000855664776
100000832406590
100000798080830
100000769601195
100000766956381
100000748676961
100000746331941
100000745322318
100000725348047
100000700809537
100000699344177
100000676491536
100000657339800
100000640922379
100000630161280
100000604397559
100000603177327
100000600459926
100000599764139
100000598787010
100000597102496
100000585723386
100000582254972
100000580104682
100000561593975
100000550080690
100000547167971
100000538762690
100000536861394
100000531781369
100000529340724
100000528270048
100000528172488
100000526832840
100000520228833
100000514450045
100000513100538
100000505575514
100000505185497
100000500439072
100000499675542
100000499032377
100000482441749
100000481950389
100000477332518
100000477085339
100000466647127
100000464428230
100000447707117
100000444498881
100000443180746
100000441425871
100000439112204
100000419505778
100000417436823
100000415752982
100000413612051
100000412085754
100000387813168
100000382315409
100000381190808
100000379290500
100000379158558
100000377223468
100000364304364
100000361307649
100000360416943
100000347863275
100000344460035
100000333113697
100000329987657
100000319111433
100000313993094
100000300930612
100000298427997
100000287672267
100000281588162
100000269155650
100000259682304
100000256630688
100000254388864
100000253083917
100000236251746
100000224431553
100000223604417
100000221208204
100000217743757
100000212196735
100000210349368
100000209422389
100000190742521
100000190517308
100000189511679
100000186938764
100000182817552
100000181577677
100000174677914
100000169093855
100000167562168
100000156514220
100000150142563
100000149912683
100000148618443
100000147905130
100000146407247
100000145324657
100000140072759
100000130180783
100000130091298
100000126420913
100000125270962
100000122345546
100000122286551
100000116493453
100000113608736
100000109857216
100000109505268
100000109102395
100000105845310
100000104025035
100000103281658
100000102990037
100000100899599
100000097408175
100000093551269
100000087611627
100000085272793
100000083132958
100000080305011
100000076662059
100000075585640
100000073597323
100000067168707
100000064425002
100000062466436
100000061277655
100000060473561
100000058873061
100000057195889
100000052868656
100000048733820
100000043926071
100000034444341
100000031814696
100000031790290
100000031593043
100000028421005
100000021864062
100000020907868
100000018877614
100000018402781
100000016255705
100000014154073
100000008330662
100000007556251
100000002597043
1851382652
1846927478
1845892623
1838610029
1837089050
1835636383
1833775549
1832868480
1831174016
1830985563
1827621048
1827401239
1822966387
1822167508
1821282696
1817212597
1814782338
1814137349
1813593956
1809829639
1807153984
1803807761
1803348545
1802725417
1801329539
1800378328
1792408127
1789041826
1787267097
1785138809
1784987982
1784599396
1776143738
1775482150
1769191003
1765927267
1765735706
1759468131
1753317936
1745068133
1743810719
1740806901
1736466447
1735200696
1723351896
1718061633
1715646222
1715292124
1707834151
1705686085
1700591040
1699856373
1697210644
1695755068
1684922873
1681852620
1676847086
1676771926
1674983013
1673310027
1672044439
1668609947
1666617821
1665721659
1665407552
1665313929
1664757026
1662957214
1659963948
1657821563
1657480844
1657247134
1656456580
1651757333
1644818556
1644617721
1643074946
1642434559
1641728534
1638652157
1638096669
1637736536
1635990504
1634495189
1630691464
1628814248
1623053240
1622976238
1622409456
1619984749
1618030462
1615076321
1613254050
1611799167
1609976454
1608759768
1608315267
1608161470
1607036175
1606689792
1606591267
1606140917
1605847778
1600275097
1599069989
1596304841
1594749690
1594217916
1594120268
1593832669
1589557948
1589528351
1588957293
1586314948
1583642202
1581892457
1579515117
1576414443
1573868117
1572023167
1570811759
1570578001
1570553010
1566475153
1561249320
1557529102
1556613558
1554708828
1549742969
1546000512
1545612222
1543568108
1542900321
1540776834
1539856126
1539319851
1537356889
1533495348
1530506261
1529271749
1525506987
1524634871
1524091905
1522780649
1522593707
1518647371
1516988139
1516247730
1514563203
1514543920
1510485953
1505386485
1504982421
1503336996
1503225378
1502025650
1500987241
1500457049
1499269902
1497497830
1496294257
1494765531
1494016278
1492404258
1487202827
1486525009
1486144562
1485950684
1484050773
1483277834
1481703871
1473920565
1472624476
1472576942
1472008282
1471992729
1469202621
1468898842
1468833557
1467631745
1466985661
1465637589
1465202651
1465002494
1464172226
1463552330
1463409667
1463103521
1461712195
1461162122
1460425716
1456456441
1455069169
1454155151
1449850831
1449802699
1448396661
1448037159
1447622295
1446249366
1445022415
1444119083
1442499511
1441627561
1440519645
1440078602
1439172911
1438854614
1438605281
1438124314
1438066617
1437406799
1436891595
1436452319
1434917103
1432827719
1432366165
1431893551
1430351105
1430088712
1427866342
1426548817
1426165467
1424260770
1422320939
1422182962
1421815191
1421629632
1420193880
1418720310
1418093637
1416841559
1416141679
1415990183
1415975729
1412081181
1411966808
1410949019
1410714132
1409412082
1408087851
1407370661
1407107961
1406975938
1405128800
1404911164
1403717721
1403390191
1401520531
1398444873
1397726502
1397370857
1396235126
1395697092
1395686470
1393966597
1392542390
1388430313
1387998935
1387396539
1386248950
1386098340
1385314592
1385024727
1382974152
1381307738
1380894193
1380866934
1378430139
1376267560
1372364189
1368036814
1367589565
1367021982
1364776272
1362274342
1361735526
1361523921
1361153521
1360800969
1360550134
1360419429
1359320878
1359112412
1358572653
1354550348
1354270455
1353998954
1352349384
1350776194
1350377767
1349790846
1348666589
1346992182
1346822265
1344667085
1341324331
1341067637
1339260683
1338938413
1338936050
1338383353
1337575368
1337201586
1335090973
1334542599
1334224162
1329780526
1329390246
1329390231
1324676610
1322990466
1319714767
1317924649
1316299114
1315838251
1310135756
1307908353
1307175691
1305997127
1301634402
1301283710
1297088936
1296526198
1290458235
1287747849
1285024402
1284701021
1283266384
1282926998
1280318898
1279017076
1277766892
1272745449
1269135521
1268283426
1267063237
1262156646
1260591751
1260487991
1260092743
1258823582
1257165042
1257003449
1254473726
1251145530
1250908023
1248786410
1247920393
1246398752
1245153536
1245063495
1243992438
1243414462
1241002887
1238976294
1237413013
1235063681
1227493682
1227261541
1225223374
1224335759
1223684823
1221627603
1220633835
1218700442
1214255688
1213900169
1202146153
1201955280
1199852782
1199446830
1198299108
1197307376
1192147285
1188772491
1186441952
1185683191
1181936041
1176349697
1175506000
1168789867
1166032420
1165333623
1164726530
1164159182
1155495289
1154124040
1149416236
1148071047
1147164433
1147064892
1145203845
1145182843
1144746508
1143484439
1142403744
1142353038
1136443445
1135764036
1134387544
1133007762
1132984763
1132705814
1132625415
1131429684
1130664930
1130408418
1129813555
1129231954
1128251711
1127691316
1118484487
1117966773
1116351277
1110358122
1108696024
1104000339
1096463584
1095261142
1083866429
1080784946
1077423514
1075703487
1075141283
1074106946
1073439556
1066959682
1063227184
1063195361
1062394948
1062248137
1061546017
1061047905
1060251978
1057492635
1057301833
1056243254
1055463111
1052047041
1048127441
1046138073
1044021208
1036813943
1035553133
1034005974
1033135603
1031316801
1024067712
1023879539
1018582167
1017619749
1012096651
1007977353
1007524933
1007374987
1006021531
889700430
841543290
840643839
838184560
828767165
827414475
827043417
826574941
809864853
809234496
801866543
801029014
796962070
791076973
786462295
770123490
751603270
749929663
748623968
746009836
735289844
733227628
729668983
719640074
711779018
706994207
698491106
695434745
695328367
695325738
694129941
683433406
682722209
678909121
678709413
678700808
678695808
677286741
676548688
660891049
658528361
655092785
654191568
653536977
650575648
642468266
642051615
639807885
636176312
632584506
631842145
630520779
628321359
622931138
621166028
618604213
610212945
609980472
604464988
603377991
602519511
598722328
595951075
582743046
579918309
572765888
569642604
549854923
547692920
545809895
545218781
541152367
537777782
536402242
535512241
534728786
529916447
515372291
504871909
46708182
1652285811
Id:346424772147226
Privacy:OPEN
100000148620380
100004395009070
100004388582859
100004164247449
100004149489888
100004037955711
100003792739535
100003679023074
100003574731615
100003567543631
100003552594690
100003538266874
100003244040674
100003221842335
100002929421976
100002862849648
100002846155109
100002819588297
100002662570940
100002638707261
100002601423396
100002550057876
100002470482735
100002390130718
100002374035459
100002346288826
100002239085829
100002231526845
100002180276472
100002164806924
100002118301128
100002104744693
100002102212333
100002088124581
100002072404540
100002049308684
100002031914134
100002024387027
100002011074890
100002002517187
100001983748339
100001918890304
100001878889956
100001870551814
100001847574678
100001835753559
100001798728030
100001765850253
100001757143809
100001722677678
100001718228397
100001686062048
100001684878016
100001672951153
100001646109473
100001638189867
100001636134098
100001606494002
100001541515328
100001523454145
100001515305387
100001506132335
100001497932387
100001477416316
100001469114782
100001468836432
100001381299174
100001378360942
100001334104041
100001333387494
100001312115301
100001287033342
100001286134197
100001269284820
100001227224465
100001221668474
100001220658160
100001216865768
100001208343329
100001204734690
100001204108010
100001181474967
100001168669837
100001148739377
100001143701174
100001121262485
100001100205559
100001062600890
100001055869183
100001029950464
100000988683368
100000979217782
100000948795138
100000943788755
100000942920067
100000932080523
100000923661438
100000900478616
100000891407358
100000890004700
100000888957581
100000888351582
100000878644432
100000855664776
100000832406590
100000798080830
100000769601195
100000766956381
100000748676961
100000746331941
100000745322318
100000725348047
100000700809537
100000699344177
100000676491536
100000657339800
100000648241431
100000640922379
100000630161280
100000604397559
100000603177327
100000600459926
100000599764139
100000598787010
100000597102496
100000585723386
100000582254972
100000580104682
100000561593975
100000550080690
100000547167971
100000538762690
100000536861394
100000531781369
100000529340724
100000528270048
100000528172488
100000526832840
100000520228833
100000514450045
100000513100538
100000505575514
100000505185497
100000502426509
100000500439072
100000499675542
100000499032377
100000482441749
100000481950389
100000477332518
100000477085339
100000466647127
100000464428230
100000447707117
100000444498881
100000443180746
100000441425871
100000439112204
100000419505778
100000417436823
100000415752982
100000413612051
100000412085754
100000387813168
100000382315409
100000381190808
100000379290500
100000379158558
100000377223468
100000364304364
100000361307649
100000360416943
100000347863275
100000345789721
100000344460035
100000333113697
100000329987657
100000319111433
100000313993094
100000300930612
100000298427997
100000287672267
100000281588162
100000269155650
100000259682304
100000256630688
100000254388864
100000253083917
100000236251746
100000224431553
100000223604417
100000221208204
100000217743757
100000212196735
100000210349368
100000209422389
100000190742521
100000190517308
100000189511679
100000186938764
100000182817552
100000181577677
100000174677914
100000169093855
100000167562168
100000156514220
100000150142563
100000149912683
100000148618443
100000147905130
100000146407247
100000145324657
100000140072759
100000130180783
100000130091298
100000126420913
100000125270962
100000122345546
100000122286551
100000116493453
100000113608736
100000109857216
100000109505268
100000109102395
100000105845310
100000104025035
100000103281658
100000102990037
100000100899599
100000097408175
100000093551269
100000087611627
100000085272793
100000083132958
100000080305011
100000076662059
100000075585640
100000073597323
100000067168707
100000064425002
100000062466436
100000061277655
100000060473561
100000058873061
100000057195889
100000052868656
100000048733820
100000043926071
100000040819686
100000034444341
100000031814696
100000031790290
100000031593043
100000028421005
100000021864062
100000020907868
100000018877614
100000018402781
100000018174192
100000016255705
100000014154073
100000011003762
100000008330662
100000007556251
100000002597043
1851382652
1846927478
1845892623
1838610029
1837089050
1835636383
1833775549
1832868480
1831174016
1830985563
1827621048
1827401239
1822966387
1822167508
1821282696
1817212597
1814782338
1814137349
1813593956
1809829639
1807153984
1803807761
1803348545
1802725417
1802456335
1801329539
1800378328
1792408127
1789041826
1785138809
1784987982
1784599396
1776143738
1775482150
1769191003
1765927267
1765735706
1759468131
1753317936
1745068133
1743810719
1740806901
1736466447
1735200696
1723351896
1718061633
1715646222
1715292124
1707834151
1705686085
1700591040
1699856373
1697210644
1695755068
1684922873
1681852620
1676847086
1676771926
1674983013
1673310027
1672044439
1668609947
1666617821
1665721659
1665407552
1665313929
1664757026
1662957214
1659963948
1657821563
1657480844
1657247134
1656456580
1651757333
1644818556
1644617721
1643074946
1642434559
1641728534
1638652157
1638096669
1637736536
1635990504
1634495189
1630691464
1628814248
1624685966
1623053240
1622976238
1619984749
1618030462
1615076321
1613254050
1611799167
1609976454
1608759768
1608315267
1608161470
1607036175
1606689792
1606591267
1606140917
1605847778
1600275097
1599069989
1596304841
1594749690
1594217916
1594120268
1593832669
1589557948
1589528351
1588957293
1583642202
1581892457
1579515117
1579043995
1576414443
1573868117
1572023167
1570811759
1570578001
1570553010
1566475153
1561249320
1557529102
1556613558
1554708828
1549742969
1546091669
1545612222
1543568108
1542900321
1540776834
1539856126
1539319851
1537356889
1535621007
1529271749
1525506987
1524634871
1524091905
1522780649
1522593707
1518647371
1516988139
1516247730
1514563203
1514543920
1510485953
1505386485
1504982421
1503336996
1503225378
1502025650
1500987241
1500457049
1497497830
1496294257
1494765531
1494016278
1492511223
1492404258
1487202827
1486525009
1486144562
1485950684
1484050773
1483277834
1481703871
1473920565
1472624476
1472576942
1472008282
1471992729
1468898842
1468833557
1467631745
1465637589
1465202651
1465002494
1464172226
1463552330
1463409667
1463103521
1461712195
1461162122
1460425716
1456456441
1455069169
1454155151
1449850831
1449802699
1448396661
1448094213
1448037159
1447622295
1446249366
1445022415
1444119083
1442499511
1441627561
1440519645
1440078602
1439172911
1438854614
1438605281
1438124314
1437406799
1436891595
1436452319
1434917103
1432827719
1432366165
1431893551
1430351105
1430088712
1427866342
1426548817
1426165467
1424260770
1423204197
1422320939
1422182962
1421815191
1421629632
1420193880
1418720310
1416841559
1416141679
1415990183
1415975729
1412081181
1411966808
1410949019
1410714132
1409412082
1408087851
1407370661
1406975938
1405128800
1404911164
1403717721
1403390191
1401520531
1398444873
1397726502
1397370857
1396235126
1395697092
1395686470
1393966597
1392542390
1388430313
1387998935
1387396539
1386248950
1386098340
1385314592
1385024727
1382974152
1382427657
1381307738
1380894193
1378430139
1376267560
1372364189
1368036814
1367589565
1367021982
1365458754
1364776272
1362274342
1361735526
1361523921
1361153521
1360800969
1360550134
1360419429
1359320878
1359112412
1358572653
1356264764
1354550348
1354270455
1353998954
1352897624
1352349384
1350776194
1350377767
1349790846
1348666589
1346992182
1346822265
1344667085
1341067637
1339260683
1338938413
1338936050
1338383353
1337575368
1337201586
1335090973
1334542599
1329780526
1329390246
1329390231
1324676610
1322990466
1319714767
1317924649
1316299114
1315838251
1310135756
1307908353
1307175691
1305997127
1301634402
1301283710
1297088936
1296526198
1290458235
1287747849
1287420489
1285024402
1284701021
1283266384
1282926998
1280318898
1279017076
1277766892
1272745449
1269135521
1268283426
1267063237
1262156646
1260591751
1260487991
1260092743
1258823582
1257165042
1257003449
1254473726
1251145530
1250908023
1248786410
1246398752
1245153536
1245063495
1243992438
1241002887
1238976294
1237413013
1236290153
1235063681
1227493682
1227261541
1225223374
1223684823
1221627603
1220633835
1218700442
1214255688
1213900169
1211224085
1210058175
1209190820
1202892935
1202146153
1201955280
1199852782
1199446830
1198299108
1197307376
1192147285
1188772491
1185683191
1181936041
1176349697
1175506000
1168789867
1166032420
1165333623
1164726530
1164159182
1155495289
1154124040
1149416236
1148071047
1147164433
1147064892
1145203845
1145182843
1144746508
1143484439
1142403744
1142353038
1136443445
1135764036
1135083082
1134387544
1133007762
1132984763
1132705814
1132625415
1131429684
1130664930
1130408418
1129813555
1129231954
1128251711
1118484487
1117966773
1116351277
1110358122
1108696024
1096463584
1095261142
1095232552
1083866429
1080784946
1077423514
1075703487
1075141283
1073439556
1071896814
1066959682
1063227184
1063195361
1061546017
1061047905
1060251978
1057492635
1057301833
1056243254
1055463111
1049041563
1048127441
1046138073
1044021208
1036813943
1035553133
1034005974
1033135603
1031316801
1024067712
1023879539
1018582167
1017619749
1012096651
1007977353
1007524933
1007374987
1006021531
889700430
841543290
840643839
838184560
828767165
827414475
827043417
826574941
809864853
809234496
801866543
801029014
796962070
791076973
786462295
770123490
761334345
751603270
749929663
748623968
746009836
735289844
733227628
729668983
719640074
711779018
708418764
706994207
703707390
698491106
695434745
695328367
695325738
694129941
682722209
678909121
678709413
678700808
678695808
677286741
676548688
660891049
658528361
655092785
654191568
653536977
650575648
642468266
642051615
639807885
636176312
632584506
631842145
630520779
628321359
621166028
610212945
609980472
604464988
603377991
602519511
601925993
598722328
595951075
579918309
572765888
569642604
553448535
549854923
547692920
545809895
545218781
541152367
537777782
536402242
535512241
534728786
529916447
525983283
515372291
504871909
46708182
1652285811
Id:470421359670117
Privacy:SECRET
100000702936385
1222476481
744764415
100000746537200
1312993527
100001682253151
100000278889532
1715292124
1277351779
Id:53379151735
Privacy:CLOSED
100000777796943
100000420759235
100000664516373
1715292124
572141417
1247323000
1342096428
14300095
584469936
1119740720
1292697171
623896211
1410002356
100000574985018
100000564235157
100000939795730
574476822
Id:319396934804394
Privacy:CLOSED
1514438458
100001661145758
100002976281067
100004130471166
100000012994392
1342791000
1310226523
1156000263
1759292652
1562885469
1529087835
100000596000532
1420461684
100004207504844
100000033465504
100001409118646
1849067284
100003332160188
1794957294
1576458321
1214031588
100000063614320
100004045352354
1147280282
100000689864373
100000919070809
100001252630277
1439494586
100000783032832
1442442432
1626536102
1094133250
100000158964670
1792623266
1515514951
100001870307422
100000122460308
100000730962903
100001578053767
100001059800361
100000381938109
1681324797
100000611937458
1086854497
1185171942
1329957731
100004131373193
1369295767
100004035462875
100003327722319
1290822681
1715292124
1532325903
100000143732876
100000542752399
1464459635
1157325059
1532589348
1524618241
100001169445167
1416872554
1065168472
100000117448038
1634632205
100000335997072
1434990215
1431272913
100000024771958
100000832615708
1104004245
1371955400
1446789622
732393584
628488541
1408921450
1517221485
1355947323
1542436842
1479855631
1563548495
1231776337
1201963822
1224251046
100000067708001
1439294667
100000176550208
1809592200
100000216360223
1851076607
100001452917370
100000585857600
100000534441130
100000486336621
100000315793295
100000273375293
100000237400639
100000103659665
100000101933267
100000101592045
100000082309757
100000010565599
1810150423
1703271503
1618361443
1615717983
1615547094
1593996699
1577984826
1573194096
1561606334
1546934725
1546833325
1464286867
1461972260
1456847356
1432420690
1420132938
1362383269
1359863006
1344013831
1332881564
1303524605
1286127883
1251796702
1244262862
1164017233
842694445
745300385
646686483
1525438240
Id:371483186199996
Privacy:SECRET
100002181798924
1843974070
100001342874022
1497531734
630532230
100002108286410
1524902660
100001063037692
100002967643340
1832398043
1715292124
Id:294100353961796
Privacy:OPEN
1545681238
100007442284387
100007156774547
633903293
528061339
537094269
508472119
1319873788
598912013
507917920
1057301833
529970196
1836088108
1343790057
8102441
100001347514968
100006510007233
100004183840272
100001997829856
100001408668567
100000029743091
1334640467
1331760308
1320371900
1267533821
1015930838
844705353
1400106368
596138618
562233885
100001991108750
1338090216
100002539422942
1739359205
1329780576
665815589
518102740
1329780461
752782916
215301225
54900747
16004409
9378056
821009
1497780089
734505368
661979497
15726078
1178435102
535253143
532398249
503697407
777630406
555561414
215300485
18000256
1572348794
683438335
14314590
100003545414176
14317695
8111753
627861530
540368905
892045530
1329780469
1329780264
32704184
24807379
1329780096
512394751
33702875
1329780750
53102894
7610233
9380072
24808167
9380584
6850999
24209022
14317545
616820328
590312357
1437720029
26112874
1824143
1329780757
5741438
1329780338
213603027
625882
22807894
20106192
80001473
14311906
782315544
28805872
1329780150
6913702
47602581
215300144
19609511
932492
215300345
1184372745
47602570
1329780298
47603070
13810143
1329780683
215301404
663141365
500530479
671853482
807242450
1348549542
505714163
26112331
500577340
31509222
689760206
671110839
100001570902434
866830373
1430199823
500741891
100000551888547
1834321176
1504560276
1338480108
1329780164
1329780147
11323906
9384763
1556833055
77501751
198603623
100001918755756
100001558573189
34805577
31509008
26808808
1720010419
1340220221
1329780042
1305996919
503482396
27616668
5410494
100000804363064
757010130
45106789
42417666
1329600061
100000187417134
905355065
809595012
564545694
1415477861
1329780060
1050663276
53103144
34805283
9508429
1815203135
1329780552
706868582
671495060
60402439
100000531070666
1329780547
1329780474
1329780136
1082251329
1037133195
513666195
215301143
194903809
100001460882686
100000999831171
100000140117615
1354389693
1329780166
1090080202
1329780759
1329780233
1329780118
721735691
681540798
431109
100001031545915
100000401886302
1728529768
1092390277
734019839
722455772
688430701
658351292
194900124
22303993
1329780636
1321161569
1267708845
567300551
22300430
100003297731918
1287382445
1179912047
31508919
11323862
7823970
100000050865145
1091424290
1659971229
1075328069
828274414
13810224
1552502325
1329780490
1329780447
690125320
22807545
6238366
1327020261
1329780747
606274567
880460393
1332240308
198603353
1440302041
535744119
532226699
20800695
20311595
1329780397
1183575326
545420784
215300765
1216587780
682620194
645868796
534033330
194903250
22306545
100001743078848
1715292124
1082259401
863410499
826793349
578495952
573392256
18606542
1329780546
33709323
1332261359
1518585542
582603007
1333920197
673076684
100001145770483
100000677797269
100000212860763
1613252292
1334940067
681689832
1329780186
Id:163810116990034
Privacy:CLOSED
100000019193308
1715292124
1474599194
1446789622
1406218386
1385010841
1002437156
751838296
