Id:3118077090351
List_Type:current_city
2737000
504041569
504360258
512051465
518643433
535031031
537960619
549500043
549734865
552542803
552782067
553560686
556942497
561153904
564870122
570892412
570974354
594101587
602025106
602778758
609362403
610530931
613059849
617231266
631894862
632120324
634364793
634799324
635161661
637458869
642920610
653407947
654270971
659242563
666973211
673938836
682354583
690572999
690614579
699015489
728454682
736753792
744560947
758261389
779580003
782408108
785673754
824661669
828327801
838137563
846165603
1018077059
1032421768
1034007290
1035098152
1036070972
1058541833
1060781462
1065826055
1090241882
1091602289
1119926626
1134545087
1142632181
1161134175
1171113150
1178505169
1182031245
1185337105
1187921277
1194560554
1199264184
1200788082
1250648854
1259826226
1267611301
1273357253
1283427007
1292882292
1301102632
1302585924
1314278307
1315391556
1321826907
1322784030
1329669186
1333355502
1334016834
1338210362
1342673595
1343868930
1345648013
1351101963
1359337906
1359423357
1362256878
1366038430
1368575261
1370205087
1371823251
1377204349
1382764555
1385433732
1386753241
1392360583
1393292823
1393531507
1397263773
1398630380
1399824505
1400340081
1405485341
1406004787
1409527679
1417481261
1420396572
1442944315
1443427428
1445442484
1455915741
1457176726
1467460446
1477804574
1482554753
1486295333
1489545908
1490897683
1499207777
1504270522
1517708516
1519775919
1547590792
1560040443
1563548495
1594401064
1597332521
1606265064
1613739334
1615591356
1624920285
1625439922
1625670920
1626723347
1639345335
1651680502
1671695083
1677996430
1706220188
1737651433
1789445449
1800091792
1815034091
1820571413
1850143937
1850620073
100000099466642
100000131428327
100000148081297
100000160391853
100000199028646
100000254076206
100000281017631
100000500812973
100000507158649
100000509870789
100000526733615
100000636201398
100000639330012
100000778866565
100000924788425
100001129881517
100001137452466
100001262220827
100001275725880
100001276980731
100001479428672
100001532504689
100001632400257
100001938111446
100002129113233
100002206457204
100002301665443
100002322603327
100002587621550
100002751314824
100002842107276
100002911825371
100003324069516
100003584737631
100003801843313
100003927642030
100004206373010
100004246980031
100004263660339
100004682405415
100004702922249
100004736880761
100005778573253
100006591764848
Id:3116977902872
List_Type:current_city
Id:2726202173723
List_Type:education
Id:2264624674574
List_Type:education
Id:1821182508797
List_Type:acquaintances
504089165
100003927642030
100003801843313
1091602289
683912381
100001166484508
550015953
642920610
1171113150
1065008461
100002856795688
695400978
100000493600381
100000491119054
100003133535308
100002101814691
100001205021968
1386594969
Id:1790885231384
List_Type:family
Id:1790875391138
List_Type:close_friends
1511651990
1382764555
1613555899
1158278619
1533736180
100001248120812
